999,15,11,2
0.20933528244495392,0.7584009170532227,0.606583297252655,-0.40489912033081055,1.1478378772735596,-0.0790124461054802,0.6464539170265198,0.8713318109512329,0.053097695112228394,1.1857846975326538,0.3372220993041992,1.0902001857757568,0.21047371625900269,0.623159646987915,-0.2969602644443512,1
-0.5128533840179443,0.924088180065155,0.5174167156219482,-0.26386475563049316,0.006768219638615847,-0.017163146287202835,1.1702613830566406,-0.04595707729458809,0.9130964875221252,1.1517165899276733,1.054226040840149,0.36711761355400085,-0.3396889269351959,-0.4975736737251282,0.39303988218307495,1
0.0851702094078064,-0.33933407068252563,-0.14617905020713806,0.06637147068977356,-0.05083714425563812,0.24898894131183624,1.2490330934524536,0.9827259182929993,0.8128728866577148,1.217803716659546,0.354081392288208,1.4469079971313477,-0.07519110292196274,0.653396725654602,0.2857527434825897,0
0.1706763505935669,1.1790378093719482,0.8002232313156128,1.414373517036438,-0.44102156162261963,1.2367459535598755,0.6951607465744019,0.06434188783168793,-0.30594250559806824,1.3523067235946655,1.1313966512680054,0.44963112473487854,1.0620051622390747,-0.07936928421258926,0.26436305046081543,1
-0.016979306936264038,0.8677669763565063,-0.09952792525291443,1.0216745138168335,0.3214609920978546,1.5260857343673706,0.4003339111804962,-0.17034274339675903,-0.004276695195585489,1.1979929208755493,0.3300257921218872,1.412970781326294,-0.16304446756839752,1.2653847932815552,-0.08525677770376205,0
0.47941818833351135,-0.24477766454219818,-0.37291067838668823,0.9049364924430847,0.13647714257240295,0.22241875529289246,-0.16100549697875977,1.4347892999649048,0.1309172660112381,0.07128811627626419,1.1317753791809082,-0.1825110912322998,0.8559550046920776,0.21321114897727966,-0.17727304995059967,0
0.06755714863538742,-0.2330552488565445,-0.5814114212989807,0.8785820603370667,0.014272453263401985,0.6562880277633667,0.8946496844291687,-0.30897289514541626,1.0679001808166504,1.1974536180496216,0.22794179618358612,1.1756682395935059,1.3679697513580322,0.4319206476211548,1.2617930173873901,0
-0.38852113485336304,0.23008784651756287,0.18517567217350006,0.790475070476532,1.009742259979248,0.7812228202819824,-0.3952099084854126,0.8435352444648743,0.22093859314918518,1.4437499046325684,0.3431071937084198,-0.33150070905685425,0.781095564365387,-0.2539958357810974,0.6494780778884888,0
-0.21468119323253632,1.2594808340072632,0.9852035641670227,0.946961522102356,1.0848612785339355,0.9227510690689087,-0.39152079820632935,0.16708533465862274,-0.15484614670276642,1.4452747106552124,0.25782498717308044,-0.08597459644079208,0.03186298534274101,0.8624083995819092,0.22356319427490234,1
0.07297026365995407,-0.21731752157211304,0.49864107370376587,-0.04585351049900055,0.8312855362892151,1.3451353311538696,0.45072847604751587,-0.03695543482899666,1.1525689363479614,1.1798697710037231,-0.10659430921077728,0.7995806336402893,0.904796838760376,0.8280535340309143,0.9639360904693604,0
-0.33542925119400024,0.35417354106903076,1.0418314933776855,0.1775110363960266,1.1600828170776367,0.2512112259864807,1.1571403741836548,0.8758328557014465,0.1482188105583191,-0.2912903428077698,0.06946496665477753,0.7378711700439453,1.5284249782562256,1.3668477535247803,0.291154682636261,1
-0.22320979833602905,0.91520094871521,0.2305268943309784,-0.18326473236083984,0.9108976721763611,0.8603655695915222,0.02011931873857975,0.5344644784927368,1.1113882064819336,0.3474559783935547,1.0872597694396973,1.1425602436065674,0.14182622730731964,-0.06982916593551636,1.1395782232284546,0
-0.17164620757102966,-0.29980990290641785,-0.09746907651424408,1.348420262336731,0.6961530447006226,0.816000759601593,0.18860262632369995,0.7393301725387573,0.10400881618261337,0.43760281801223755,1.3248696327209473,-0.013490429148077965,0.56485915184021,1.3285009860992432,0.924426794052124,0
-0.16754910349845886,1.2565932273864746,1.249449610710144,0.7439334392547607,0.8864264488220215,-0.07503165304660797,0.9027072191238403,0.75893634557724,0.9950664639472961,1.2425880432128906,1.0346852540969849,0.07956534624099731,0.935318648815155,0.7478899955749512,-0.13239851593971252,1
-0.22466830909252167,0.9978788495063782,0.7439373731613159,1.2714811563491821,0.22431014478206635,0.9315182566642761,1.0714502334594727,1.4833487272262573,-0.09599623829126358,-0.020005688071250916,-0.2752717137336731,-0.06798768043518066,-0.46922820806503296,0.5189347267150879,-0.09546644240617752,1
-0.21378302574157715,-0.004474013112485409,-0.2312726527452469,1.1395772695541382,-0.14064492285251617,0.01704523339867592,0.9430698156356812,0.6533313989639282,0.14614491164684296,0.22045180201530457,-0.27022361755371094,0.7616559267044067,0.21326874196529388,0.6199389696121216,1.2922686338424683,0
0.2510734498500824,1.4590096473693848,0.8243532180786133,-0.37338951230049133,0.9295729994773865,-0.145790696144104,-0.0008806081605143845,1.0934066772460938,0.031084783375263214,1.401300072669983,0.6388809680938721,0.7793858647346497,0.7716602683067322,1.3341145515441895,0.1363714039325714,1
0.4829634130001068,-0.20334887504577637,0.7534645199775696,0.28281575441360474,-0.13721279799938202,0.6812410950660706,0.1322052925825119,-0.23229967057704926,0.9155040383338928,0.3609686493873596,0.5697139501571655,0.2057439684867859,0.46997198462486267,1.2988961935043335,1.3353841304779053,1
0.49744415283203125,0.9222333431243896,0.39960697293281555,1.0551199913024902,0.3220244348049164,1.2597583532333374,-0.49290230870246887,-0.11374078691005707,0.1702156513929367,1.281510829925537,0.7385202050209045,0.6727151870727539,0.13849301636219025,-0.25493329763412476,-0.36312195658683777,1
-0.354004830121994,0.33098575472831726,0.6487323641777039,1.0922541618347168,0.5893654823303223,0.6050028800964355,0.2903525233268738,0.1532241702079773,0.3051774501800537,-0.37012431025505066,0.5783834457397461,1.1268584728240967,0.967534601688385,1.0175789594650269,0.8176196813583374,1
0.2614750266075134,0.12098485231399536,1.3365737199783325,-0.022775137796998024,-0.16436807811260223,0.7882320284843445,1.2338206768035889,0.9959858655929565,0.25650954246520996,-0.19679972529411316,0.775603711605072,0.2815699577331543,1.131058692932129,0.10620018094778061,-0.22560550272464752,1
-0.5389443635940552,0.5879153609275818,-0.028339911252260208,-0.36140045523643494,1.2656970024108887,0.17151181399822235,0.19770899415016174,0.7886813282966614,-0.5242205262184143,0.16017131507396698,0.3923703730106354,0.06587950885295868,0.0020748982205986977,0.7578391432762146,0.13429976999759674,0
-0.18828004598617554,0.24000924825668335,1.3336387872695923,-0.36846253275871277,0.49845972657203674,0.39676979184150696,-0.0883515253663063,0.8604325652122498,0.7428700923919678,0.6592161059379578,-0.8473703265190125,-0.10154476761817932,1.8356688022613525,0.22442984580993652,1.390095591545105,1
-0.24701279401779175,1.2840749025344849,1.2008676528930664,0.7348870038986206,1.1710007190704346,-0.22584518790245056,0.6420604586601257,0.23564647138118744,0.2253970503807068,0.7425824999809265,1.3959366083145142,0.17122960090637207,0.900561511516571,1.4137141704559326,0.7966692447662354,1
0.09228811413049698,-0.05689329653978348,-0.5665271282196045,0.8367655277252197,1.4476945400238037,-0.08558119833469391,-0.9022973775863647,1.2961684465408325,1.3336681127548218,1.195131540298462,0.9299103021621704,0.1809859722852707,-0.11901851743459702,0.11432205885648727,0.8296781182289124,0
0.4408562183380127,0.3204651176929474,-0.5773329734802246,1.3865057229995728,0.5188845992088318,0.5814629197120667,1.0952287912368774,1.0618312358856201,1.2470242977142334,0.8404394388198853,1.2119570970535278,-0.09522058814764023,1.1089653968811035,-0.04161122441291809,-0.17857345938682556,0
-0.5756718516349792,-0.08347132056951523,0.07910668104887009,1.8278144598007202,1.0985665321350098,0.49849680066108704,1.019487977027893,-0.2041938155889511,0.9052577018737793,0.866370677947998,-0.05959334224462509,0.2482576221227646,0.8955742120742798,0.9839741587638855,0.38889744877815247,0
-0.3669225871562958,0.6309698820114136,0.46792641282081604,0.3695811629295349,-0.004771563224494457,0.2577967941761017,1.1162017583847046,1.2571512460708618,1.2981338500976562,0.20297755300998688,1.1493860483169556,-0.09705774486064911,-0.7390261292457581,1.2067577838897705,0.784133791923523,0
-0.2982080578804016,-0.03226134181022644,1.3115105628967285,0.14180482923984528,-0.13091681897640228,1.1740572452545166,0.23205029964447021,0.9001684784889221,0.007237290497869253,0.7370602488517761,-0.1296979933977127,-0.16832414269447327,0.9044703841209412,0.06642022728919983,0.21553775668144226,1
-0.05670003220438957,1.1207388639450073,0.34803152084350586,0.7830395102500916,1.0213487148284912,0.27095797657966614,1.3947657346725464,1.1789964437484741,1.1492849588394165,1.3077648878097534,-0.030881134793162346,0.8678447008132935,0.9347792863845825,0.6208983659744263,-0.23694373667240143,0
-0.43148288130760193,0.39242109656333923,-0.06941838562488556,0.08851909637451172,0.9146548509597778,1.0367387533187866,0.5364854335784912,0.4104801416397095,0.3415219485759735,0.9604699611663818,0.3945804834365845,1.2011889219284058,1.4215359687805176,0.9366742372512817,-0.039733633399009705,0
-0.3159400224685669,1.3643176555633545,-0.36223700642585754,1.2218841314315796,0.497822105884552,0.08253153413534164,1.0109978914260864,-0.11809494346380234,0.9495118856430054,-0.2700429856777191,1.033530592918396,1.3064311742782593,0.3661031126976013,0.6619182825088501,0.11571256816387177,0
-0.17211349308490753,0.02222065068781376,0.9334493279457092,1.0936279296875,0.0059006595984101295,1.2237424850463867,-0.13318467140197754,-0.08873935043811798,0.4814150631427765,1.1316579580307007,0.8510245680809021,-0.7864457964897156,0.33428364992141724,0.4840082824230194,-0.05193911865353584,1
0.27373620867729187,0.9513823390007019,-0.3919803202152252,-0.01266169548034668,0.925726056098938,1.206100344657898,0.13330818712711334,-0.15261158347129822,0.8413108587265015,0.487060546875,0.15741078555583954,0.4432397186756134,-0.031304050236940384,-0.21320247650146484,-0.14892669022083282,0
0.05717633292078972,-0.08332090079784393,0.9205622673034668,0.14037427306175232,0.29158440232276917,0.0642976462841034,-0.3182605803012848,0.4199824631214142,-0.08030617237091064,1.0490081310272217,0.6538107395172119,0.26797768473625183,1.4412317276000977,0.4117002785205841,1.4608871936798096,1
-0.03510665148496628,0.6812324523925781,-0.15160392224788666,-0.21412238478660583,0.44161319732666016,-0.15417854487895966,0.19792413711547852,-0.29806554317474365,-0.2951299548149109,1.3361709117889404,1.0079773664474487,-0.10113084316253662,1.2415823936462402,0.7896612286567688,-0.00925013143569231,0
-0.08524356782436371,0.1326911449432373,1.0934898853302002,1.3837755918502808,1.2550182342529297,-0.2242957204580307,0.8185979723930359,-0.2525426149368286,0.9057297110557556,0.8956310749053955,0.3873041868209839,0.10581684112548828,0.04868408292531967,0.12770986557006836,0.17037060856819153,1
0.33478668332099915,-0.12669454514980316,0.7867565155029297,0.8679320216178894,0.13503970205783844,0.9240472316741943,-0.4866622984409332,0.7822473049163818,0.007993433624505997,-0.05674963817000389,0.47786375880241394,0.1601404994726181,1.1819603443145752,0.4297987222671509,0.859258770942688,0
0.4234541356563568,0.5494759678840637,1.063827395439148,0.6546040177345276,0.35450610518455505,-0.4321070909500122,0.6795581579208374,0.11989627778530121,0.4858863651752472,-0.13180972635746002,0.14911499619483948,0.4600435197353363,-0.0964561477303505,0.2223077267408371,0.8299772143363953,1
0.10158343613147736,0.4968452751636505,-0.004887217655777931,0.20138277113437653,-0.24183011054992676,0.31846532225608826,-0.1816345602273941,0.6849616169929504,1.274454116821289,1.1867347955703735,-0.02305878885090351,1.1277638673782349,1.6366901397705078,0.4397158622741699,-0.2401258647441864,0
0.04344625771045685,-0.1316198706626892,1.0128692388534546,0.6629000306129456,0.08368467539548874,0.8349384665489197,0.9179971218109131,-0.078585185110569,0.9558842778205872,0.8305782079696655,0.9305634498596191,0.15495240688323975,1.0208109617233276,0.5179309844970703,1.1895315647125244,1
0.7305868864059448,1.2573941946029663,0.6310314536094666,0.5106486082077026,-0.3364182710647583,0.3211236298084259,1.3665647506713867,0.7701444029808044,0.5011352896690369,0.9435023665428162,0.8540335893630981,-0.007171902805566788,0.21876801550388336,1.3787014484405518,0.8731307983398438,1
0.20666632056236267,0.22654442489147186,-0.09511297196149826,0.08098156750202179,0.3428371548652649,-0.034765906631946564,0.7883642315864563,0.34106799960136414,-0.24097679555416107,1.132420301437378,1.1496857404708862,0.04224095866084099,-0.809057354927063,0.9299795627593994,0.4997113347053528,0
-0.17014004290103912,1.268986463546753,0.8434152007102966,-0.4137928783893585,1.0142391920089722,1.6199146509170532,-0.23479855060577393,1.1595993041992188,1.313876986503601,0.8273226022720337,0.6113444566726685,0.038697294890880585,0.8642274737358093,-0.11279160529375076,0.606633186340332,1
0.0951399877667427,0.7058256268501282,1.105238914489746,-0.17421427369117737,0.5638824701309204,0.05488068237900734,0.42028772830963135,0.02905486896634102,1.1557799577713013,-0.3814879357814789,1.169769287109375,0.5002114176750183,-0.10131539404392242,1.1370503902435303,0.09296619892120361,1
0.368490606546402,0.26444387435913086,0.1251487135887146,0.9046233892440796,0.9009954333305359,0.7901676893234253,1.2719807624816895,1.0188623666763306,-0.38517940044403076,0.04465242102742195,-0.3471285104751587,0.9416084289550781,-0.29951944947242737,0.883752703666687,0.08686516433954239,0
0.16386081278324127,1.6601258516311646,0.679466724395752,-0.012548059225082397,0.9407059550285339,-0.25288262963294983,0.9900650382041931,0.1970328837633133,0.9751536846160889,1.143515944480896,1.4307630062103271,1.1969037055969238,-0.5359494090080261,-0.27571743726730347,1.215501308441162,1
-0.5850615501403809,0.6922010183334351,0.05904644355177879,-0.0244405847042799,0.6302831172943115,0.12848138809204102,0.22057926654815674,-0.21756985783576965,0.019211294129490852,0.42665815353393555,-0.16774918138980865,1.3588088750839233,0.23647132515907288,1.588756799697876,1.3327357769012451,0
0.28253495693206787,0.0655328705906868,-0.07467858493328094,0.07222951203584671,0.6654026508331299,0.10117176175117493,0.6184026002883911,0.3199286460876465,1.0342119932174683,1.0453729629516602,0.4540480077266693,-0.26094701886177063,0.23674669861793518,1.1188169717788696,1.6438417434692383,0
0.43348145484924316,-0.07022145390510559,0.0998186469078064,0.6669426560401917,0.5780365467071533,-0.4637126922607422,-0.14656271040439606,-0.22557333111763,0.05707728490233421,0.7300347685813904,1.3341199159622192,0.06325181573629379,-0.17651277780532837,0.08494404703378677,0.5295447111129761,0
0.5598270297050476,1.0800464153289795,0.7624071836471558,-0.06516695767641068,0.04179008677601814,0.15382495522499084,0.7228114604949951,0.8409989476203918,0.3314453959465027,-0.24902595579624176,-0.1314808428287506,-0.2943823039531708,1.7035850286483765,1.3190176486968994,1.2520066499710083,1
0.14927421510219574,-0.012695208191871643,-0.11490495502948761,-0.15600955486297607,0.9279438853263855,0.9872326850891113,0.021711397916078568,0.180414080619812,1.512568473815918,0.014447476714849472,1.1449285745620728,0.8130306601524353,-0.0885557010769844,1.056165099143982,1.2139960527420044,0
0.17795699834823608,-0.18547773361206055,0.07588589936494827,1.277222990989685,-0.5140566229820251,-0.18053355813026428,0.12197957932949066,0.2517950236797333,1.212291955947876,-0.10236715525388718,0.4535588026046753,1.0429426431655884,0.411085307598114,-0.44270339608192444,-0.4271280765533447,0
0.17696239054203033,-0.48894214630126953,0.31924164295196533,0.738182008266449,1.1251177787780762,-0.03103845752775669,-0.1779264658689499,0.01640053652226925,1.095159649848938,0.4922221302986145,1.1190407276153564,1.2862780094146729,1.4105192422866821,1.027923345565796,-0.12929603457450867,0
-0.1243852749466896,0.8926557302474976,1.5835751295089722,0.07611420750617981,-0.08692862838506699,1.014933466911316,1.149072289466858,1.2108005285263062,0.6299375295639038,-0.29049617052078247,-0.06496699899435043,1.0686606168746948,0.7916916012763977,1.3806546926498413,-0.03519221395254135,1
-0.0038735102862119675,0.9054588079452515,-0.32499468326568604,1.0641354322433472,0.3574029803276062,1.23154878616333,1.069568157196045,0.3198879659175873,0.6466845273971558,0.778017520904541,1.144467830657959,0.05205516517162323,1.6004444360733032,1.0585107803344727,0.24257951974868774,0
-0.05116632208228111,1.2161462306976318,0.24749408662319183,0.9753441214561462,1.1685161590576172,0.9009661078453064,0.4642770290374756,0.8566060066223145,-0.494010329246521,0.025664571672677994,0.952485203742981,0.1724892109632492,0.7544984221458435,1.1050063371658325,0.5607041716575623,0
-0.4290584623813629,1.102718710899353,0.1686689704656601,-0.043286412954330444,-0.3435365557670593,0.14639884233474731,1.8098862171173096,0.48282039165496826,0.23791782557964325,-0.08835252374410629,1.5771162509918213,0.8356765508651733,1.111222267150879,1.4526474475860596,0.9689069986343384,0
0.11746865510940552,-0.5121482610702515,1.5362497568130493,0.8065921068191528,1.5403436422348022,1.30008864402771,0.27365052700042725,1.0023895502090454,1.0852633714675903,-0.07937593758106232,-0.04926630109548569,0.8513702750205994,1.0224652290344238,0.9171648621559143,0.06858612596988678,1
0.4329337179660797,0.1798686683177948,0.8304035663604736,0.6767674684524536,0.22643329203128815,0.871665358543396,-0.22718042135238647,0.8880350589752197,1.1103012561798096,0.28580623865127563,0.11876702308654785,-0.03342711925506592,0.9958105087280273,-0.15069052577018738,0.9260308146476746,1
0.6445474624633789,0.9896824359893799,0.003651156323030591,1.4379816055297852,1.1363717317581177,-0.2038554698228836,1.0877214670181274,0.11419454216957092,1.4454710483551025,0.5402138233184814,-0.2905030846595764,0.986826479434967,0.9168030023574829,-0.026137707754969597,-0.1383771151304245,0
0.46899348497390747,0.9282708764076233,0.46480268239974976,-0.2264581322669983,0.08260331302881241,1.0741640329360962,1.3144851922988892,0.9419906735420227,1.2962287664413452,0.8979266285896301,1.2410756349563599,1.2553497552871704,0.25090011954307556,1.1827460527420044,1.3850206136703491,0
-0.3933476209640503,-0.1727869212627411,0.6853584051132202,0.2769429683685303,0.8919368982315063,0.5808082222938538,-0.07065881788730621,1.5246559381484985,0.412014365196228,1.5222021341323853,0.8773919343948364,1.2342870235443115,0.4456622004508972,-0.18557408452033997,0.06746639311313629,1
0.028982440009713173,-0.14854592084884644,1.1197915077209473,1.8210804462432861,0.12031571567058563,-0.47561922669410706,0.8205100893974304,1.1862701177597046,-0.2672308683395386,0.9986673593521118,0.41835346817970276,-0.37577301263809204,1.0370986461639404,0.07798941433429718,1.4376466274261475,1
-0.24301372468471527,0.938338041305542,-0.1827690452337265,0.804387092590332,-0.4061923623085022,0.8724035620689392,-0.04589886963367462,0.09209182113409042,-0.09605231136083603,1.2695503234863281,0.8524695038795471,0.0848623663187027,0.2580297589302063,-0.182298481464386,1.0793243646621704,0
-0.3775390088558197,-0.24491210281848907,1.3540960550308228,1.264901876449585,-0.24453681707382202,1.0730618238449097,0.025348464027047157,-0.32744497060775757,-0.02074684388935566,-0.24079842865467072,1.35527765750885,0.5108834505081177,0.24517980217933655,0.09230559319257736,0.8387184143066406,1
-0.4639514982700348,0.9361647367477417,0.9102841019630432,1.125110149383545,-0.4979003667831421,-0.1668432354927063,-0.22354242205619812,-0.27344053983688354,0.12328479439020157,-0.14070482552051544,0.9884572625160217,-0.5354241132736206,1.2961645126342773,0.9667616486549377,1.2238819599151611,1
0.2093663066625595,0.3841385841369629,-0.01384907029569149,0.32156458497047424,-0.07335448265075684,-0.13248108327388763,0.04095335677266121,0.2608832120895386,-0.036428216844797134,-0.5245798826217651,0.6984138488769531,0.8185393810272217,-0.19273577630519867,0.7502967119216919,1.0860949754714966,0
-0.18466924130916595,0.11325357109308243,1.3329660892486572,0.20328794419765472,0.17250487208366394,1.2112267017364502,0.7297500371932983,0.06681092828512192,0.3338316082954407,0.7680229544639587,-0.028584718704223633,-0.22715209424495697,0.2531740367412567,-0.17025797069072723,0.200332909822464,1
0.41784363985061646,0.36114102602005005,0.19636712968349457,-0.4925510585308075,0.9785230755805969,0.8599386811256409,1.5030441284179688,0.7453324794769287,0.7484163641929626,0.8999977111816406,-0.673201322555542,-0.2890249490737915,-0.36432039737701416,-0.1665850281715393,1.542834997177124,0
0.09851794689893723,1.0045734643936157,1.1420397758483887,1.2531094551086426,1.1496756076812744,-0.030128994956612587,0.0027259085327386856,1.1272658109664917,0.4103497862815857,1.4361577033996582,0.06435251235961914,0.9365087747573853,0.1735762059688568,-0.0220322385430336,1.0635499954223633,1
0.08408445864915848,0.10335644334554672,0.9980891346931458,0.7596853375434875,1.0569180250167847,0.80318284034729,-0.07848024368286133,-0.5237812995910645,0.1539052277803421,1.0173273086547852,1.1705429553985596,1.2935388088226318,0.006716855801641941,1.460087776184082,0.8791407346725464,1
-0.21886050701141357,1.5600711107254028,-0.3649084270000458,-0.15965864062309265,-0.32068613171577454,-0.03347039222717285,-0.3674037456512451,1.1021085977554321,0.1828565001487732,-0.07020673155784607,0.26009684801101685,-0.06598503142595291,0.09935721755027771,0.4445987045764923,-0.17014549672603607,0
-0.05394251272082329,0.4517134726047516,1.4275460243225098,-0.2541657090187073,-0.1516590118408203,1.1093673706054688,-0.4858909845352173,-0.5413644313812256,0.19671961665153503,1.3694002628326416,1.075663685798645,1.2053877115249634,1.3594651222229004,0.009486638940870762,0.7634925842285156,1
0.22003600001335144,-0.09788621217012405,0.12936057150363922,-0.05521145835518837,-0.2867175042629242,-0.23609931766986847,0.07687579840421677,0.01218769047409296,0.44625866413116455,1.5751901865005493,0.6161463856697083,1.2997101545333862,0.7014528512954712,0.8843962550163269,1.4183478355407715,0
-0.2061876505613327,0.1189500242471695,0.9310923218727112,-0.1324646770954132,-0.11603517830371857,-0.04178928583860397,1.4901413917541504,0.41682204604148865,-0.30811041593551636,-0.054722100496292114,1.245741844177246,1.292661428451538,1.5516645908355713,1.287530779838562,0.048333849757909775,1
0.27299660444259644,0.8257002234458923,0.16046403348445892,-0.10298362374305725,1.0420891046524048,0.8519385457038879,0.6439910531044006,-0.2667084336280823,-0.517658531665802,1.0681556463241577,1.3177870512008667,0.2685517370700836,-0.061470311135053635,-0.0749690979719162,1.0208332538604736,0
0.07419126480817795,1.2297277450561523,-0.5011208653450012,-0.46097198128700256,-0.16554182767868042,1.3708300590515137,-0.29371774196624756,-0.21782730519771576,0.18146955966949463,1.4003065824508667,1.10597825050354,1.192657232284546,0.8013100624084473,-0.28159645199775696,0.28399384021759033,0
0.17452803254127502,0.07513487339019775,1.010189414024353,0.04119454324245453,-0.3017604351043701,1.0030838251113892,-0.13021014630794525,1.2403966188430786,0.1598348617553711,0.8076918125152588,-0.03395355865359306,0.05226946622133255,1.0027655363082886,1.043806552886963,0.004437184426933527,1
0.29235103726387024,1.260045051574707,1.1908029317855835,-0.02284257300198078,-0.0631769448518753,0.25769859552383423,0.6085346937179565,1.0480958223342896,1.2909847497940063,-0.3792707324028015,-0.2615450322628021,-0.15211263298988342,1.050430178642273,0.9513912200927734,0.1668785661458969,1
-0.3425429165363312,0.14921195805072784,0.5811127424240112,0.6042434573173523,0.6840614676475525,0.17827019095420837,1.1117435693740845,1.068590760231018,0.3386184275150299,0.7905195355415344,0.4052850604057312,0.5580241680145264,-0.18359118700027466,0.4872273802757263,0.14642716944217682,1
-0.015827784314751625,-0.3323555588722229,-0.017378216609358788,0.5208438634872437,1.6140861511230469,0.8238605260848999,-0.2333957552909851,1.4261863231658936,1.0165585279464722,0.804532527923584,-0.3254966139793396,-0.44879862666130066,-0.33259689807891846,-0.011759966611862183,-0.19502443075180054,0
0.2802213430404663,-0.06888576596975327,0.16642296314239502,-0.5170069932937622,1.2763714790344238,0.014183166436851025,-0.19141170382499695,1.1731703281402588,-0.2826526463031769,-0.23805274069309235,1.295555591583252,0.30624693632125854,0.2831434905529022,-0.32413581013679504,0.5275940299034119,0
-0.5456926822662354,0.3649921119213104,0.876460075378418,0.7730838060379028,1.0197196006774902,0.1959984451532364,0.7483857274055481,-0.0926433727145195,0.0649227499961853,1.331739902496338,-0.24450382590293884,0.779113233089447,0.7305209040641785,0.6940112709999084,0.039274804294109344,1
-0.21017850935459137,-0.2401699721813202,1.305943250656128,0.1419912427663803,0.044313374906778336,0.666880190372467,0.8402928113937378,0.7188748121261597,0.4058893918991089,0.8571093082427979,-0.29316848516464233,1.0117353200912476,1.4987183809280396,-0.13779810070991516,0.8238911032676697,1
-0.12040671706199646,-0.17294766008853912,0.24601159989833832,1.1336005926132202,-0.19556467235088348,0.3218746483325958,0.20967859029769897,0.7782344222068787,0.045701880007982254,0.5491546392440796,1.2119653224945068,0.9472087025642395,0.9507619142532349,1.3793078660964966,1.2101415395736694,0
0.12886165082454681,1.1436870098114014,-0.5093574523925781,0.684581995010376,1.1893218755722046,0.818160355091095,1.289113998413086,0.06658349931240082,0.4722312092781067,0.0376235768198967,-0.0021699739154428244,0.6673767566680908,-0.03309992700815201,1.3865673542022705,0.3046116232872009,0
0.36058035492897034,-0.29085248708724976,1.0901395082473755,1.1618629693984985,0.5357869267463684,0.14323821663856506,1.6349434852600098,0.9229724407196045,-0.15524104237556458,-0.31468793749809265,0.3826512396335602,0.8335031270980835,-0.1293027698993683,0.8649086952209473,0.2986307144165039,1
-0.2835467457771301,0.84099942445755,0.20273318886756897,1.2317063808441162,-0.30184781551361084,-0.14923126995563507,0.356405109167099,0.16571044921875,1.0202759504318237,1.0701372623443604,1.0036815404891968,0.9595329761505127,0.1334449201822281,1.0451289415359497,-0.051999468356370926,0
-0.1572398990392685,-0.1987966001033783,0.9481902718544006,1.1808557510375977,-0.37574198842048645,-0.27348387241363525,0.11942078918218613,0.6644991636276245,-0.4129318296909332,1.610411286354065,0.32502293586730957,1.2076884508132935,0.03758346289396286,0.1264105588197708,-0.016834193840622902,1
0.4195438027381897,-0.12120573967695236,0.8807376027107239,0.27225637435913086,-0.11304384469985962,0.8640364408493042,0.8895562291145325,0.19473037123680115,0.041594453155994415,0.6192870140075684,0.4122360944747925,0.611768901348114,1.2072880268096924,0.9381899833679199,1.0651136636734009,1
-0.33772069215774536,-0.30030757188796997,0.0600341372191906,1.0036735534667969,1.2924299240112305,1.0415208339691162,-0.2243419587612152,0.24284061789512634,0.7964134812355042,0.8274356722831726,0.46459123492240906,0.669035792350769,-0.1997637152671814,0.8601222038269043,1.4017317295074463,0
0.015055111609399319,0.6001126766204834,1.4217501878738403,1.038291096687317,-0.063682921230793,-0.31186574697494507,-0.2241530567407608,0.7738927602767944,0.1424635499715805,-0.08459343761205673,-0.30998730659484863,1.4127647876739502,0.7545496225357056,0.17362064123153687,-0.17944782972335815,1
-0.09605587273836136,1.2770553827285767,0.32088759541511536,-0.061889514327049255,0.3621436059474945,0.4829338490962982,0.19859665632247925,-0.11643273383378983,0.3544171154499054,1.204830527305603,1.0691931247711182,-0.02484799176454544,0.8061631917953491,-0.18705135583877563,-0.006481948308646679,0
-0.6507695317268372,-0.07509032636880875,1.2900782823562622,0.8056461215019226,1.4134948253631592,-0.2652517855167389,1.014853835105896,0.7073206305503845,0.5490463972091675,1.614142894744873,0.4048430919647217,0.5988019704818726,1.0490561723709106,0.05005748197436333,-0.643372118473053,1
0.1342674046754837,1.3916919231414795,0.0873834639787674,1.193264365196228,1.333642840385437,0.2804824411869049,1.03085196018219,1.2133457660675049,-0.3207492232322693,-0.16685545444488525,1.1662906408309937,0.49859505891799927,0.4197692573070526,1.0357187986373901,1.2005531787872314,0
0.08219687640666962,0.4160420000553131,-0.23805291950702667,0.7847985625267029,0.6285175681114197,0.22442108392715454,1.4181419610977173,0.9940839409828186,0.17114686965942383,1.0648876428604126,-0.28872039914131165,1.0999757051467896,1.2312923669815063,0.44992971420288086,1.1985691785812378,0
0.029435599222779274,-0.9067842960357666,1.2490137815475464,1.0475950241088867,-0.3287414312362671,0.9191031455993652,0.9541218876838684,1.1881321668624878,0.007127679884433746,0.9111132025718689,0.24715639650821686,1.5781711339950562,0.6514737606048584,1.1893833875656128,1.3830636739730835,1
-0.3802794814109802,0.6686769127845764,0.1295931339263916,0.7272596955299377,-0.5049750804901123,1.0505465269088745,-0.3510954678058624,1.098741054534912,-0.019840670749545097,0.702745258808136,1.101057529449463,0.4702933430671692,-0.14206287264823914,1.1299749612808228,0.9709324836730957,0
-0.2512359619140625,1.1218348741531372,0.3589975833892822,0.69265216588974,0.8845028281211853,0.3160766661167145,1.351908802986145,0.41610950231552124,-0.10613410919904709,1.4131823778152466,1.007983684539795,-0.24531660974025726,1.1612842082977295,0.9319179058074951,0.22638097405433655,0
0.20881393551826477,0.9571090936660767,0.1750626116991043,0.0788612887263298,1.0325369834899902,0.7745258808135986,0.18362653255462646,1.0166884660720825,0.818340003490448,-0.20865154266357422,0.6532140374183655,-0.1868758201599121,0.2782060205936432,0.29947903752326965,0.229384645819664,0
0.06692082434892654,0.8852224946022034,0.377978652715683,0.3790702521800995,0.7227393388748169,0.17985118925571442,-0.4489085078239441,0.660613477230072,1.6872164011001587,0.7607628107070923,1.392803430557251,0.8047375082969666,1.4584228992462158,0.03616147115826607,0.14912274479866028,0
0.20260274410247803,0.47714170813560486,-0.5292476415634155,1.031303882598877,0.9398096203804016,0.5506436824798584,0.8279786705970764,-0.12582311034202576,1.3410816192626953,0.09266550838947296,0.5723454356193542,0.7874180674552917,0.015705248340964317,-0.06551262736320496,0.87615567445755,0
-0.3504355847835541,0.19374297559261322,0.8412059545516968,1.3176838159561157,0.9850471615791321,1.400155782699585,1.16878080368042,1.1244497299194336,-0.09897182136774063,-0.1509993076324463,-0.2773949205875397,0.9704296588897705,-0.0076560527086257935,0.8706539273262024,0.9072023034095764,1
-0.0022448000963777304,1.0241283178329468,-0.13200749456882477,0.038556747138500214,1.98543381690979,-0.004016114864498377,-0.1850208193063736,0.7642359733581543,-0.03450978174805641,0.9447519779205322,0.9791077971458435,0.30445098876953125,1.4271191358566284,0.6186885833740234,0.8685581088066101,0
-0.1895350217819214,0.544422447681427,0.30663609504699707,1.0590896606445312,0.1314672976732254,1.2256128787994385,0.9793201088905334,0.3329666554927826,0.9371971487998962,1.2973895072937012,0.05214960500597954,1.0043339729309082,1.028541088104248,1.1442372798919678,0.7378304600715637,0
0.14339403808116913,0.3221516013145447,0.8721339106559753,-0.09554581344127655,0.0411640964448452,0.35537824034690857,0.3330092430114746,0.06346465647220612,0.5927873849868774,0.21381694078445435,0.6445387005805969,0.9495868682861328,-0.39191675186157227,-0.029808830469846725,0.35391756892204285,1
0.08343295753002167,0.033785801380872726,-0.030082296580076218,0.8699671626091003,0.3949374258518219,0.07592795044183731,0.8590971231460571,-0.1789494901895523,0.1541135162115097,1.0607326030731201,0.04280936345458031,0.26296237111091614,-0.16088193655014038,1.3007358312606812,-0.3659273684024811,0
-0.07262569665908813,0.2579423189163208,0.1374102532863617,-0.09787025302648544,0.8507689833641052,-0.2626718282699585,0.812900722026825,0.601036012172699,-0.2529957592487335,0.07606025785207748,-0.22115901112556458,0.9376928806304932,0.6300750374794006,1.0217417478561401,0.8011976480484009,0
0.32321977615356445,-0.2695188522338867,0.4010145366191864,0.5758742094039917,-0.4115556478500366,1.281945824623108,1.3013956546783447,1.4604992866516113,0.2610359489917755,0.36280012130737305,0.046948034316301346,0.05732521787285805,0.05252718925476074,0.9515231847763062,1.2244008779525757,0
0.45433899760246277,1.162988543510437,0.5585862994194031,0.3863815665245056,1.219774603843689,0.8041543960571289,0.6111037135124207,1.15742027759552,0.21589647233486176,0.20859430730342865,0.6398680210113525,0.9947290420532227,0.6545408368110657,1.098718523979187,0.8132651448249817,1
0.2512234151363373,1.0806989669799805,1.2296208143234253,-0.5161163210868835,1.0058437585830688,1.4631379842758179,-0.1357065886259079,0.14122384786605835,0.4330193102359772,0.6016293168067932,0.005866575054824352,1.544876217842102,0.7600153684616089,-0.1405266672372818,0.5595760941505432,1
0.4247588813304901,-0.03027954325079918,0.0001779915182851255,0.4017045497894287,-0.1040373295545578,-0.028079280629754066,0.05726519972085953,1.50927734375,1.056872844696045,0.2573310434818268,0.21002420783042908,-0.6615990400314331,-0.10291098058223724,0.9802723526954651,1.3509557247161865,0
0.47643211483955383,1.2416948080062866,-0.2102459818124771,1.2584532499313354,0.7459249496459961,0.9085574150085449,1.258588194847107,0.9815685749053955,0.42673254013061523,-0.1763090342283249,0.7161785960197449,-0.39531615376472473,-0.0032976132351905107,0.86104816198349,0.7091646194458008,0
0.5057113766670227,-0.832449197769165,0.010984615422785282,1.3878604173660278,1.4255009889602661,0.7500052452087402,0.028479071334004402,0.995427131652832,1.1266363859176636,0.7041744589805603,1.1842056512832642,0.762047290802002,-0.1343402862548828,-0.14305046200752258,0.8221918344497681,0
-0.02217232808470726,1.1030758619308472,0.3361155092716217,0.9956403970718384,0.6754142642021179,0.618583619594574,0.8661510348320007,0.9726002812385559,0.02559053525328636,-1.1333236694335938,-0.14547377824783325,1.0872678756713867,-0.14303891360759735,-0.19473733007907867,-0.23431305587291718,0
0.2601204514503479,0.13630838692188263,1.1776477098464966,0.06321486085653305,0.7664557695388794,-0.19504107534885406,0.6139881610870361,-0.01757955364882946,-0.41347452998161316,0.8986949324607849,-0.012813759036362171,-0.38830769062042236,1.0280640125274658,0.8329067826271057,1.1214838027954102,1
0.035779714584350586,-0.22448764741420746,0.09214149415493011,0.13617609441280365,0.023451469838619232,0.7898133993148804,0.22980183362960815,-0.000500349560752511,0.2487148642539978,-0.3422529399394989,0.12588363885879517,0.7508851289749146,-0.5145702958106995,1.1443367004394531,-0.21461859345436096,0
0.006326516158878803,1.2084171772003174,0.04885287582874298,-0.17483198642730713,-0.679488480091095,0.8303360342979431,0.9600480198860168,-0.4379372298717499,0.9493597745895386,0.07664185017347336,0.09855436533689499,1.1163954734802246,0.8192265033721924,0.581486165523529,0.7295289039611816,0
-0.006578936707228422,1.2556756734848022,1.5260800123214722,-0.023633407428860664,0.8762604594230652,0.40727758407592773,-0.06774836778640747,-0.5638306736946106,0.7998895645141602,1.014021873474121,0.7309216856956482,0.02117377333343029,1.6248892545700073,-0.5230178833007812,1.3816269636154175,1
0.18136066198349,1.1450172662734985,0.19098393619060516,0.8132683038711548,0.24222061038017273,-0.38813847303390503,-0.175654336810112,0.4320043921470642,-0.29931601881980896,0.2751917243003845,0.022903935983777046,1.0863144397735596,0.42995333671569824,0.12235423922538757,0.5771969556808472,0
-0.1227588802576065,1.2492592334747314,0.4924931526184082,-0.14486514031887054,0.6260494589805603,0.2686925530433655,0.9652165174484253,0.6514056921005249,0.7968879342079163,0.22422848641872406,0.3116438090801239,0.025974063202738762,0.8126093149185181,0.8100315928459167,-0.19451215863227844,1
-0.4349660575389862,0.7955263257026672,0.08757558465003967,-0.05963475629687309,1.244173288345337,0.6311700344085693,0.24551871418952942,1.0623390674591064,0.6189436912536621,-0.008192069828510284,0.17234694957733154,-0.3120872974395752,0.13818538188934326,0.18779674172401428,-0.17909061908721924,0
0.1803191602230072,0.07765757292509079,0.23991721868515015,1.0761561393737793,0.5646445751190186,1.0255802869796753,1.1684280633926392,0.8657311797142029,0.7143508195877075,1.170609474182129,1.301782250404358,0.7736859917640686,0.7212378978729248,1.150698184967041,0.4909075200557709,0
0.13885237276554108,-0.10521959513425827,0.6462006568908691,0.24983924627304077,1.1745880842208862,0.008710264228284359,0.04741085693240166,1.5231285095214844,1.1177765130996704,0.0698561891913414,0.3356398940086365,0.6749947667121887,-0.09598550200462341,1.3313734531402588,0.3033996522426605,1
0.3438941240310669,-0.5893220901489258,0.0023877329658716917,0.5505988001823425,0.6623316407203674,1.1515636444091797,0.8960604667663574,1.0228142738342285,1.026953935623169,0.6394234895706177,0.7103442549705505,1.124956488609314,1.2733138799667358,0.010038250125944614,1.0482293367385864,0
0.10421260446310043,0.7939106225967407,0.5450605154037476,0.2291155308485031,0.032782457768917084,1.1922228336334229,1.266697645187378,0.20549537241458893,-0.004483713768422604,0.22921505570411682,0.9764845967292786,-0.14087992906570435,0.7712205648422241,-0.12646819651126862,-0.11087367683649063,1
-0.13888750970363617,-0.6234787702560425,0.979219377040863,0.4238516688346863,0.029331054538488388,0.24717076122760773,1.1024051904678345,-0.2157193124294281,-0.3427430987358093,-0.06951633095741272,0.8523983955383301,1.0339922904968262,0.710820734500885,0.15962424874305725,0.4755464494228363,1
0.005122218281030655,1.0867494344711304,0.8646606206893921,0.3393051326274872,-0.2036154419183731,0.7533993721008301,0.12637732923030853,-0.07467784732580185,1.6035361289978027,0.9128060340881348,0.9583349823951721,1.2180894613265991,1.3434306383132935,-0.12271669507026672,-0.140333890914917,1
-0.31997427344322205,0.008575726300477982,0.77180415391922,0.6978161334991455,0.20876958966255188,0.7727938890457153,0.26099860668182373,-0.5536954998970032,1.44670569896698,0.627159059047699,0.2579732835292816,0.968743085861206,0.11422480642795563,-0.48342934250831604,-0.29645830392837524,1
0.08894053101539612,-0.13219022750854492,0.6984204053878784,0.33840352296829224,1.1298609972000122,-0.4308663010597229,1.02542245388031,-0.10725929588079453,0.643355667591095,0.16487565636634827,1.2261664867401123,-0.30924391746520996,0.8663652539253235,0.14622701704502106,-0.24408185482025146,1
0.0806218832731247,0.7866928577423096,-0.0855894461274147,0.6044199466705322,-0.3860708475112915,1.169938087463379,-0.15135817229747772,0.685682475566864,0.41523995995521545,0.06110862269997597,0.1736428290605545,-0.15264832973480225,0.5705638527870178,0.640636682510376,1.3793292045593262,0
0.15146978199481964,-0.11372072994709015,-0.006393549032509327,-0.04243072494864464,-0.1671786606311798,0.4003959596157074,0.3602539300918579,0.9742391109466553,0.9586626887321472,-0.32350677251815796,0.39381125569343567,0.024219315499067307,0.5180981159210205,1.0838978290557861,0.8325214385986328,0
-0.19963108003139496,0.8150591850280762,0.32209277153015137,0.057219211012125015,0.9911551475524902,0.044178612530231476,0.04905910789966583,0.010080934502184391,0.9163461923599243,0.19755232334136963,-0.3315485715866089,1.2161575555801392,0.27047330141067505,1.1111092567443848,1.1921969652175903,1
-0.09873311221599579,0.2502177059650421,-0.014585578814148903,1.2658522129058838,0.282690167427063,0.2781323790550232,0.7415321469306946,-0.016096539795398712,0.42542409896850586,0.28088292479515076,0.6535295844078064,0.05186665430665016,0.5794793963432312,0.7878409028053284,0.09699990600347519,0
0.20731280744075775,0.38994699716567993,1.2234257459640503,1.4785823822021484,-0.008912263438105583,0.3557283580303192,0.6417191624641418,0.9606873393058777,0.8111028671264648,0.005088684149086475,0.47798195481300354,0.536695122718811,0.03554796800017357,0.9973944425582886,0.6441122889518738,1
-0.35266903042793274,-0.18374092876911163,-0.4586060643196106,-0.46546947956085205,1.0099034309387207,0.05799228325486183,-0.20238718390464783,-0.1132093220949173,1.3717533349990845,0.689924418926239,0.5069482922554016,1.4946362972259521,1.1487712860107422,1.2230000495910645,-0.09294923394918442,0
0.4580168128013611,1.1030323505401611,-0.5189559459686279,1.0474615097045898,0.3985007405281067,0.9034410715103149,0.947771430015564,0.005467435345053673,1.1736992597579956,0.9021233320236206,1.442332148551941,0.1315039098262787,1.1645687818527222,1.1901588439941406,0.0820435881614685,0
-0.24857419729232788,0.9596883654594421,0.3684653043746948,0.2284492403268814,-0.18133512139320374,0.8383020162582397,0.06895741075277328,0.754279613494873,1.0415724515914917,0.8666958212852478,0.9509282112121582,0.9228978753089905,1.1631306409835815,1.0029395818710327,1.212265968322754,0
0.18488511443138123,0.44606277346611023,1.001164197921753,0.13648377358913422,0.11240720748901367,0.5090768933296204,1.334444522857666,0.6505026817321777,1.0292872190475464,0.06988432258367538,1.6931134462356567,0.026078620925545692,1.3048827648162842,-0.4533608853816986,0.7661473155021667,1
-0.21474586427211761,0.5205178260803223,0.8425813317298889,1.0065298080444336,0.15447096526622772,-0.48834437131881714,0.5432547330856323,-0.5258988738059998,1.263612151145935,0.9568272233009338,-0.10178904980421066,0.016369638964533806,-0.040832266211509705,-0.7123245000839233,0.4673437178134918,1
0.08700869232416153,1.0138362646102905,0.28983229398727417,1.4473457336425781,0.6467522978782654,0.7309046387672424,0.3949778079986572,0.6955059170722961,-0.022333210334181786,0.7269447445869446,0.8916224241256714,1.0366523265838623,0.18160167336463928,-0.3290693461894989,0.22604000568389893,0
0.4322115480899811,1.260898470878601,-0.1396038681268692,0.42919686436653137,1.3609223365783691,-0.41390442848205566,0.40976354479789734,1.245420217514038,1.0030981302261353,-0.024424267932772636,-0.22193141281604767,0.9172472357749939,-0.09221284091472626,0.05394565314054489,0.00766118336468935,0
-0.10121460258960724,0.22040192782878876,0.13436533510684967,0.1369316279888153,1.262184977531433,0.12507212162017822,0.5957478880882263,0.8255703449249268,-0.03453239053487778,-0.18639786541461945,-0.22503863275051117,1.0724267959594727,-0.38695093989372253,0.8132230043411255,1.1545069217681885,0
0.40776175260543823,-0.08171015232801437,-0.10100793093442917,0.30264168977737427,0.006254333071410656,0.9867218136787415,-0.13845208287239075,-0.48874807357788086,0.19250495731830597,0.7957364320755005,0.20556369423866272,0.6986489295959473,0.8259668946266174,0.04989748075604439,-0.3256036639213562,0
0.5638501644134521,1.2873471975326538,-0.25501561164855957,-0.42382603883743286,0.10894492268562317,0.5561498999595642,0.7441272139549255,1.2916346788406372,1.0579822063446045,1.1608279943466187,0.540062427520752,0.8962706327438354,1.1085561513900757,0.9370560050010681,0.2289055734872818,0
0.09999892115592957,0.4749298095703125,-0.3166712522506714,0.6767712831497192,-0.13261376321315765,1.1832458972930908,0.8468389511108398,1.3914599418640137,0.551117479801178,0.952254056930542,0.2101702094078064,1.088433861732483,0.8587480187416077,1.5025131702423096,0.9202579855918884,0
0.5187816619873047,0.6333406567573547,0.47560998797416687,1.0644896030426025,-0.22772258520126343,-0.24532876908779144,0.714593768119812,1.1363714933395386,0.7865078449249268,-0.09571748226881027,1.0128175020217896,-0.32235127687454224,0.11376884579658508,0.2275346964597702,-0.28241729736328125,1
-0.3451630473136902,0.21670880913734436,0.6665226221084595,-0.04438824579119682,-0.029781974852085114,-0.07965206354856491,-0.2126895785331726,-0.32801106572151184,1.0116592645645142,0.9075082540512085,-0.1097617968916893,0.9623258113861084,0.6568800806999207,-0.12970192730426788,1.1107685565948486,1
-0.2939765751361847,0.847581684589386,0.804812490940094,0.8052363991737366,1.5070902109146118,1.4176825284957886,0.011530987918376923,1.0375903844833374,0.25947946310043335,1.0893630981445312,0.9213634729385376,0.71755051612854,-0.07309815287590027,-0.07272161543369293,1.1826788187026978,1
-0.03506459668278694,1.1854747533798218,-0.2547036111354828,0.22826582193374634,1.128716230392456,0.4067152440547943,0.626790463924408,1.1138427257537842,-0.14097164571285248,-0.07837037742137909,0.12104659527540207,0.6240629553794861,0.37843385338783264,0.2139834612607956,0.5034379959106445,0
0.1882987767457962,-0.5291895270347595,0.33197417855262756,-0.033422671258449554,1.25178062915802,0.25412335991859436,1.195299744606018,0.3090730607509613,0.5636053681373596,-0.06993082165718079,0.756589412689209,0.10501869022846222,0.755186140537262,1.1827051639556885,0.10309959948062897,0
0.43720927834510803,-0.46731430292129517,0.7001070976257324,0.03710769861936569,-0.3811071217060089,-0.18048274517059326,0.7190068364143372,0.8649332523345947,0.6733554005622864,0.6331589818000793,0.7985120415687561,-0.36220869421958923,-0.39563459157943726,-0.1150243803858757,0.27817806601524353,1
0.13388782739639282,1.3707363605499268,0.05252205207943916,0.2562546133995056,0.8402107954025269,0.08487746119499207,-0.8133010864257812,-0.6412929892539978,0.1926526129245758,-0.36380094289779663,0.12420888990163803,1.3233505487442017,-0.10917584598064423,0.0735216960310936,1.5453953742980957,0
0.32183837890625,1.2159507274627686,0.8429669737815857,0.21899013221263885,-0.0019499914487823844,0.26541775465011597,0.13623571395874023,0.9863585233688354,0.16324594616889954,0.9108777046203613,-0.18595391511917114,1.1377381086349487,0.8030850887298584,0.9117116928100586,-0.031423419713974,1
0.220901757478714,-0.1954202800989151,-0.047293469309806824,0.9367877840995789,0.5690740942955017,-0.19277165830135345,-0.07819829136133194,0.03275664895772934,-0.5209904313087463,-0.0216560997068882,1.4113301038742065,1.0878721475601196,1.1222878694534302,0.7752161622047424,1.1523630619049072,0
-0.09152749925851822,-0.26210159063339233,-0.13133475184440613,0.14331981539726257,1.7815284729003906,0.744939386844635,1.207146167755127,0.18185874819755554,-0.3027091920375824,-0.016934067010879517,1.2700673341751099,-0.06480620801448822,1.2992010116577148,-0.20396995544433594,0.6275111436843872,1
0.5195935368537903,-0.11799981445074081,1.2989355325698853,-0.19685098528862,-0.49562883377075195,0.024108324199914932,1.1462585926055908,0.6904460787773132,1.0531492233276367,0.9888808131217957,0.8774856328964233,0.3164837658405304,0.2906275987625122,0.9075425267219543,-0.02160140685737133,1
-0.2651675343513489,0.31399890780448914,-0.22142837941646576,0.4866088926792145,-0.09719167649745941,0.7767061591148376,0.09550207853317261,0.4049491286277771,0.014514549635350704,0.7793030738830566,-0.07625610381364822,-0.10995457321405411,0.3036794066429138,1.2985165119171143,0.8710503578186035,0
-0.26309287548065186,-0.15973246097564697,1.2413164377212524,1.211802363395691,1.4176335334777832,0.34141767024993896,0.7629657983779907,-0.2006148397922516,0.7498073577880859,0.8531766533851624,0.8793570399284363,0.020196203142404556,1.0427299737930298,1.1046897172927856,1.402839183807373,1
0.6413859724998474,0.19441477954387665,0.14427757263183594,-0.054378241300582886,-0.5835055112838745,0.3746368885040283,1.0666489601135254,0.9148459434509277,0.3425945043563843,0.5249609351158142,0.9181329607963562,0.36752358078956604,0.7316356897354126,-0.540546178817749,1.4034634828567505,0
0.19759517908096313,0.47967565059661865,0.06228293851017952,-0.4503750205039978,-0.137055441737175,0.3211784064769745,-0.07132379710674286,1.2099292278289795,-0.44826436042785645,-0.37980377674102783,0.9201194047927856,0.7005406618118286,-0.48608601093292236,0.1825566440820694,1.3588876724243164,0
-0.07823691517114639,0.4492664337158203,0.15923865139484406,1.2516916990280151,1.1535301208496094,-0.14587591588497162,0.054036084562540054,0.20553293824195862,0.5711156129837036,1.0439518690109253,0.7827297449111938,0.23775345087051392,-0.46178314089775085,-0.08087053149938583,1.2099087238311768,0
-0.15844976902008057,1.090274453163147,-0.06548874080181122,1.1707342863082886,0.7648555636405945,-0.11891581863164902,1.076781153678894,0.38888680934906006,1.0275324583053589,-0.16392424702644348,1.0319736003875732,1.4940550327301025,0.2094344198703766,-0.2667315602302551,0.4323168694972992,0
0.25387465953826904,0.9028882384300232,0.18629394471645355,1.2918598651885986,0.32857170701026917,0.26205623149871826,0.6075296401977539,-0.15887081623077393,1.061739206314087,0.9969441294670105,-0.5278438329696655,0.11044249683618546,-0.2052018642425537,0.678835391998291,0.8083459138870239,0
0.38247933983802795,0.16575835645198822,-0.9349853992462158,0.8994807600975037,1.1472396850585938,0.06443644315004349,1.0669832229614258,0.3850202262401581,1.1225776672363281,0.966343104839325,-0.1191457211971283,0.9845926761627197,1.2074143886566162,0.28987035155296326,-0.3610300123691559,0
0.05272383615374565,1.4127674102783203,-0.18463300168514252,0.7367438673973083,-0.15384258329868317,0.2047344297170639,1.4508553743362427,0.7909676432609558,0.7492451071739197,1.6353821754455566,1.075920820236206,1.0871464014053345,0.8176745772361755,1.144534707069397,0.35049185156822205,0
-0.06865745037794113,0.4521827697753906,1.2564470767974854,0.0342608205974102,0.8651276230812073,1.2108569145202637,-0.3445109724998474,1.0153307914733887,-0.016709156334400177,-0.06972705572843552,1.0695475339889526,0.9956610202789307,0.09406832605600357,-0.6215083003044128,1.2187368869781494,1
0.011396022513508797,-0.17225615680217743,0.007510551251471043,1.1042563915252686,-0.27689409255981445,-0.045381564646959305,0.5642126798629761,0.6862369179725647,-0.15663088858127594,-0.11627215147018433,0.9749600291252136,-0.30430617928504944,0.4573765695095062,-0.23956795036792755,-0.49423572421073914,0
-0.4238232672214508,0.7100551128387451,-0.7138986587524414,0.16781307756900787,0.9460218548774719,0.0796210914850235,0.9802116751670837,1.2292299270629883,0.5900943279266357,-0.2667180597782135,0.3754328489303589,1.0937234163284302,0.7902659177780151,1.1481530666351318,0.5145715475082397,0
-0.45087310671806335,0.19684098660945892,1.2257622480392456,0.3445262610912323,1.0313324928283691,-0.3548777103424072,1.3870865106582642,0.04567953571677208,0.12788966298103333,0.3030475676059723,-0.06143564358353615,0.7121551632881165,1.2935872077941895,1.0630544424057007,0.7200177311897278,1
-0.17349520325660706,0.13625547289848328,0.6468583345413208,1.1890978813171387,-0.13559883832931519,0.5714425444602966,0.5997875928878784,0.4558216631412506,1.0158939361572266,0.27376794815063477,0.7381981611251831,1.0206269025802612,-0.20353646576404572,1.425708532333374,1.0188323259353638,0
0.22765076160430908,-0.13761115074157715,0.01291972491890192,0.9124294519424438,0.002180102514103055,0.07828230410814285,-0.18973024189472198,1.1427613496780396,1.4680910110473633,-0.1613660752773285,1.0459113121032715,-0.021521585062146187,0.9414755702018738,0.5877100229263306,0.7598819732666016,0
0.31685736775398254,0.961871862411499,0.596760630607605,0.12752026319503784,1.4002071619033813,0.0985746756196022,-0.06821472942829132,-0.26453664898872375,0.9418636560440063,0.24754950404167175,0.29128533601760864,1.3927572965621948,-0.4381442964076996,0.7330543994903564,1.2221440076828003,1
-0.22691594064235687,0.9113315343856812,-0.035553786903619766,0.5170173048973083,1.1193952560424805,0.4766373932361603,1.0292000770568848,-0.08748875558376312,1.5017924308776855,-0.0783444494009018,1.1699435710906982,1.2199935913085938,-0.05723151937127113,-0.455219566822052,0.12562569975852966,0
0.19331489503383636,-0.4782218337059021,0.43021443486213684,0.9754871726036072,0.8537321090698242,0.21598315238952637,-0.20320264995098114,0.11111735552549362,0.9566559195518494,0.8731316924095154,0.8956133127212524,0.8471819162368774,0.023805798962712288,0.3511431813240051,0.6540395617485046,0
-0.2203092724084854,0.5153493285179138,-0.043248824775218964,0.7387328743934631,0.7513304352760315,-0.4408552050590515,0.06282337009906769,-0.2568972110748291,-0.1158938854932785,-0.34262797236442566,0.651103138923645,1.286766767501831,1.2338935136795044,1.1477562189102173,1.13795006275177,0
0.1869683861732483,-0.1337754726409912,0.2635928988456726,1.0321390628814697,0.7732740044593811,0.2004229873418808,1.1547683477401733,-0.626801073551178,0.1273326277732849,0.036334726959466934,-0.35313695669174194,-0.28033387660980225,-0.1534949243068695,0.0421215184032917,0.07038402557373047,0
-0.37410008907318115,0.15618684887886047,1.282342553138733,-0.30301761627197266,-0.30151498317718506,0.17149251699447632,1.059281587600708,0.45946455001831055,1.2875837087631226,1.5370368957519531,0.07466568052768707,0.8921344876289368,1.1271899938583374,0.7953944206237793,1.1661546230316162,1
-0.008619775995612144,0.4054231643676758,0.1602894812822342,1.191208004951477,0.05979808047413826,1.0464015007019043,0.08084500581026077,-0.6340107321739197,-0.20438359677791595,1.1415419578552246,1.08243727684021,0.3923206627368927,-0.21438747644424438,0.4864731431007385,1.1433932781219482,0
0.028799284249544144,0.936164379119873,-0.3356490433216095,0.7962667346000671,0.606292724609375,0.09826914966106415,-0.291086345911026,0.2217234969139099,1.0856373310089111,0.7429057359695435,-0.24231916666030884,1.2409477233886719,0.14009732007980347,0.23372551798820496,0.06133848428726196,0
0.2552986443042755,1.2257297039031982,-0.2928067445755005,-0.2014642059803009,1.1563832759857178,0.04272448644042015,0.8210538029670715,-0.04118495434522629,0.3436558246612549,1.434875249862671,1.2485491037368774,1.2915250062942505,-0.024193618446588516,-0.114125557243824,1.28738534450531,0
0.06175284832715988,0.0680113211274147,0.6694338321685791,-0.08464818447828293,0.8081278800964355,1.0443440675735474,0.874179482460022,0.9391672611236572,-0.048363182693719864,-0.2032528817653656,-0.4933423101902008,0.5427206754684448,1.1526967287063599,1.2576643228530884,-0.2860419452190399,1
-0.19521813094615936,0.7783217430114746,1.1628538370132446,1.2513163089752197,0.8294920325279236,-0.17788363993167877,0.16815721988677979,0.9009444713592529,0.8123998045921326,-0.06353958696126938,-0.07048200815916061,0.25616219639778137,1.117275595664978,0.2787375748157501,-0.2517046630382538,1
0.16288743913173676,0.6223621964454651,1.0693398714065552,0.7797836661338806,1.3643181324005127,1.4111509323120117,0.07294131070375443,-0.10724007338285446,0.143832728266716,0.766862154006958,-0.45462945103645325,0.21368299424648285,-0.17172639071941376,1.1240025758743286,0.08847953379154205,1
-0.2775728702545166,0.874110221862793,-0.095594622194767,-0.5827296376228333,0.16201889514923096,0.258024662733078,1.2774744033813477,0.014999267645180225,0.22533884644508362,0.22665879130363464,0.592431366443634,-0.24203725159168243,0.9497345089912415,-0.12299787998199463,-0.1033075824379921,0
-0.014675089158117771,0.8383496403694153,0.0035812268033623695,0.30967798829078674,0.6853820085525513,0.950527012348175,1.00861656665802,0.8310940861701965,1.4943351745605469,0.9090876579284668,-0.09678754955530167,1.433920979499817,-0.03420119732618332,0.24396410584449768,1.4060256481170654,0
0.18383875489234924,1.619686484336853,0.34825360774993896,0.7867599129676819,0.29883915185928345,-0.19135865569114685,-0.10855976492166519,0.1225576251745224,1.313904881477356,1.074923038482666,0.8047296404838562,1.0503665208816528,-0.1612362563610077,0.5590413212776184,0.09031081199645996,0
-0.05382253974676132,-0.2797401547431946,-0.03846823796629906,1.0405330657958984,-0.6889743208885193,-0.026261884719133377,1.5445032119750977,0.08284097164869308,0.6542330384254456,0.960854172706604,1.1179726123809814,0.9179725646972656,1.1098864078521729,0.23015210032463074,0.06731078028678894,0
0.2270498424768448,0.9567933678627014,1.2717725038528442,0.6830378174781799,-0.24073854088783264,-0.32289865612983704,0.5406813621520996,1.294309377670288,0.964443564414978,-0.34161028265953064,0.4152242839336395,1.1770998239517212,-0.0992964506149292,-0.20426279306411743,0.9596297144889832,1
-0.22170501947402954,0.9262192845344543,-0.23915185034275055,1.3277946710586548,0.7540339827537537,1.2216036319732666,1.2468019723892212,-0.035924579948186874,0.13770239055156708,0.9359782934188843,-0.5346831679344177,-0.18215306103229523,0.7810476422309875,1.1688936948776245,1.3515868186950684,0
-0.13641022145748138,0.2119380086660385,1.1277315616607666,-0.22785821557044983,1.3470048904418945,1.148210048675537,0.869939386844635,0.1361248791217804,1.0460467338562012,-0.11854851990938187,0.6155295372009277,0.5627691149711609,1.320290207862854,-0.35094520449638367,0.12549065053462982,1
0.2908230721950531,0.8541020750999451,-0.4771726727485657,-0.12691769003868103,0.29222849011421204,0.6300362944602966,0.0687403455376625,-0.08564746379852295,-0.07210241258144379,0.31787464022636414,0.283524751663208,0.9987432360649109,-0.03329199180006981,-0.07382980734109879,-0.7882332801818848,0
-0.6713193655014038,0.03670908138155937,1.0636851787567139,0.9633828997612,-0.42279648780822754,0.4165957272052765,1.3036682605743408,0.41973280906677246,1.0149394273757935,-0.050264667719602585,1.1163511276245117,1.3726856708526611,-1.0560003519058228,0.9761353731155396,-0.27261123061180115,1
-0.09363428503274918,0.6859442591667175,0.04025861620903015,1.183558702468872,0.6809520125389099,0.9747039079666138,-0.4446970820426941,0.1968894898891449,1.066488265991211,1.0696951150894165,-6.864123133709654e-05,-0.24428600072860718,0.09101445972919464,0.11119414865970612,0.11057495325803757,0
0.08603739738464355,0.20909592509269714,1.0432465076446533,0.651890218257904,0.9607191681861877,0.5227059721946716,0.9314073324203491,0.16837747395038605,0.9336088299751282,1.1364959478378296,-0.16449974477291107,0.13602276146411896,1.026908278465271,0.24985909461975098,1.494472861289978,1
0.09704654663801193,-0.29615309834480286,0.8904787302017212,-0.3770192265510559,0.056263335049152374,-0.023164112120866776,-0.1770675927400589,0.04583068564534187,0.24097351729869843,0.5257109999656677,0.5147017240524292,0.2018248289823532,0.04183395579457283,-0.33330169320106506,0.653710126876831,1
-0.19469034671783447,-0.35508421063423157,-0.05063653737306595,-0.11037859320640564,0.004676362965255976,-0.032447803765535355,1.6264257431030273,-0.36552420258522034,0.9073163270950317,-0.3878464102745056,0.2534373700618744,0.05524221062660217,0.8250942230224609,-0.13493762910366058,1.1926316022872925,0
-0.2842070162296295,0.0022406931966543198,0.9851784110069275,0.21414965391159058,0.7293283343315125,0.7267864942550659,0.9866690635681152,-0.04661913961172104,0.0919000431895256,0.8813676834106445,0.7645267248153687,0.055211953818798065,-0.26011306047439575,-0.6898757815361023,0.29466840624809265,1
0.0652531087398529,-0.0023693288676440716,0.31487202644348145,-0.15800410509109497,0.9409680366516113,0.46217018365859985,-0.20020121335983276,-0.3156394064426422,0.014378441497683525,-0.008492335677146912,0.8815485239028931,-0.19816353917121887,-0.21687398850917816,-0.13746456801891327,-0.012375645339488983,0
0.20035114884376526,0.21790862083435059,-0.5300714373588562,-0.7240031957626343,0.9900581240653992,-0.1256987750530243,0.727247416973114,-0.12383244186639786,0.21904070675373077,1.0703215599060059,-0.43997785449028015,-0.21818141639232635,0.6617543697357178,0.24206602573394775,-0.1429513692855835,0
0.8468848466873169,0.061511650681495667,-0.3878883123397827,1.1129124164581299,0.904204249382019,1.3026264905929565,-0.07769180834293365,1.2292709350585938,0.881352961063385,-0.17263971269130707,1.0787951946258545,0.34758302569389343,0.7753360271453857,-0.04773975908756256,-0.30143457651138306,0
0.1087883710861206,1.0981125831604004,0.15377214550971985,-0.3255648910999298,0.8202483654022217,-0.4563777446746826,0.98628169298172,0.7918971180915833,-0.19480502605438232,0.9650099873542786,-0.08408093452453613,0.35828566551208496,-0.2123287320137024,0.7223896384239197,0.30733561515808105,0
0.19404557347297668,1.3377699851989746,0.08059924095869064,1.1620910167694092,0.003266554558649659,1.4647995233535767,0.26562508940696716,-0.31033921241760254,0.9154738187789917,0.5531476736068726,1.1049796342849731,1.2773553133010864,0.9079757332801819,-0.6026984453201294,1.2675373554229736,0
0.5118569135665894,-0.12946763634681702,1.4618699550628662,-0.1966044008731842,1.064847707748413,1.5059469938278198,-0.037380147725343704,0.9030526280403137,-0.12742295861244202,-0.11287350952625275,1.3052098751068115,1.3899668455123901,-0.05172983556985855,-0.6874159574508667,0.8767920136451721,1
-0.41920939087867737,0.9730632901191711,1.393816351890564,0.7154316306114197,1.213270902633667,0.8417488932609558,1.0401723384857178,0.37516146898269653,1.0215569734573364,0.8421961665153503,-0.2254396677017212,0.3454431891441345,1.0803889036178589,1.2216365337371826,1.109833836555481,1
-0.12188931554555893,0.34456193447113037,1.1528990268707275,0.9014477133750916,-0.39399492740631104,0.05923622474074364,1.3591883182525635,1.0096780061721802,0.6616982221603394,1.3228448629379272,-0.15648046135902405,-0.1446087658405304,1.6486244201660156,-0.5625807046890259,0.07423257827758789,1
0.20397140085697174,0.29921650886535645,1.320956826210022,0.606322169303894,0.1799548715353012,-0.7144805192947388,0.0853307917714119,0.025401540100574493,-0.35298556089401245,0.5904834270477295,1.4536595344543457,0.8909978866577148,0.0790240690112114,-0.16891272366046906,-0.1531432718038559,1
0.20781217515468597,1.0254764556884766,0.706557035446167,0.37923240661621094,-0.4053698182106018,1.1834867000579834,1.1370935440063477,0.7653119564056396,0.17328280210494995,1.0011334419250488,0.099156454205513,-0.03888440132141113,0.3086942434310913,-0.35101136565208435,0.3434607982635498,1
-0.2384013533592224,-0.5364036560058594,0.041059739887714386,1.1674225330352783,-0.22181907296180725,0.008787086233496666,-0.017825601622462273,1.4769891500473022,0.8546870946884155,0.738497793674469,0.8502287864685059,0.8819093108177185,-0.37385380268096924,0.7446241974830627,-0.49248260259628296,0
-0.11945966631174088,1.0004013776779175,0.39631667733192444,0.5342748761177063,1.114047646522522,-0.003859304590150714,-0.04334823414683342,0.24831226468086243,0.5053960084915161,0.6710726022720337,1.0166422128677368,-0.20949243009090424,0.18847405910491943,0.65057373046875,-0.038041532039642334,1
-0.22745610773563385,-0.020807627588510513,0.3713926076889038,0.9823923707008362,0.9503036737442017,0.8460413217544556,1.1179393529891968,1.2499500513076782,-0.016635609790682793,1.205825686454773,0.5103538632392883,1.109208106994629,1.0704262256622314,0.4539949893951416,0.9217549562454224,0
0.25403061509132385,-0.3815104365348816,-0.1265048384666443,-0.3918686509132385,0.04190581291913986,1.3203601837158203,-0.03884974867105484,0.03430180624127388,1.2319341897964478,0.8117275238037109,1.7230050563812256,0.47237008810043335,0.92705237865448,1.233213186264038,0.9936938285827637,0
0.18774746358394623,1.1512408256530762,1.3765296936035156,0.47771117091178894,0.36315950751304626,0.3461698889732361,0.814647376537323,-0.018806174397468567,0.855481743812561,-0.24306757748126984,0.8656247854232788,-0.3720925748348236,-0.17296907305717468,0.6067813038825989,0.24521727859973907,1
0.3834344744682312,0.7864736914634705,0.40706247091293335,0.5573432445526123,0.24339164793491364,1.2445534467697144,-0.31530317664146423,-0.045890528708696365,0.4763111174106598,1.390895128250122,0.9317477941513062,0.26332390308380127,-0.23730209469795227,1.0706069469451904,0.4945388436317444,0
-0.37110093235969543,1.3412928581237793,0.027580376714468002,-0.23120105266571045,1.3485275506973267,-0.16483038663864136,0.4234633445739746,-0.018153339624404907,0.9612886905670166,1.2738208770751953,1.1462310552597046,1.0666285753250122,-0.27593904733657837,0.8460533022880554,-0.3231245279312134,0
0.12425202131271362,1.179579257965088,-0.05457194894552231,0.5534394383430481,1.1762431859970093,0.8888648748397827,1.341468334197998,1.002515196800232,0.3448754847049713,-0.013764040544629097,-0.17405013740062714,-0.07401318848133087,1.4449431896209717,1.075587511062622,0.8053536415100098,0
-0.02264508605003357,0.8190445303916931,-0.11449365317821503,1.1692975759506226,0.6042476296424866,0.20456498861312866,1.1652897596359253,-0.1940607726573944,0.968920111656189,0.03758674114942551,0.8096345067024231,0.7999677658081055,-0.6051906943321228,0.8197026252746582,0.2528240978717804,0
0.25774967670440674,-0.06450500339269638,1.5694832801818848,0.7614959478378296,-0.08492924273014069,-0.18873602151870728,0.5161003470420837,0.5102595686912537,1.1582225561141968,1.4542568922042847,0.7748150825500488,-0.433620423078537,1.148531198501587,1.439096450805664,-0.05478755012154579,1
0.5170066952705383,0.42933389544487,1.1938360929489136,1.008981466293335,0.911929190158844,-0.15542565286159515,0.3653795123100281,1.0361692905426025,0.8367900848388672,0.09341837465763092,-0.36738064885139465,-0.11953447014093399,1.0928369760513306,0.32193365693092346,0.15202096104621887,1
-0.1319183111190796,1.7220354080200195,1.1510869264602661,1.115989327430725,1.4046778678894043,0.7388488054275513,1.2454204559326172,0.33286577463150024,0.8807982206344604,0.4037771224975586,1.1309919357299805,0.8895811438560486,-0.0021522180177271366,0.41917234659194946,1.2238922119140625,1
-0.09212982654571533,0.2970985770225525,0.2711685001850128,-0.07734689116477966,-0.4044414460659027,1.2991292476654053,0.20146681368350983,0.36443865299224854,-0.5722257494926453,-0.21120719611644745,-0.00794683862477541,1.289068579673767,-0.3150795102119446,0.9558976888656616,1.076296329498291,1
-0.5617733001708984,0.15240593254566193,0.24449516832828522,0.776282787322998,0.9052451848983765,1.2642853260040283,-0.21784722805023193,0.37566593289375305,1.192703366279602,0.7942723035812378,0.8946587443351746,0.9698259234428406,-0.18190014362335205,-0.06939147412776947,1.629583716392517,0
-0.18056343495845795,0.769041121006012,-0.01244867779314518,1.0970971584320068,-0.6270899772644043,0.7135339975357056,-0.339956134557724,0.1000579446554184,1.1973274946212769,0.9152883291244507,1.1809837818145752,0.051543429493904114,0.23568065464496613,1.0854291915893555,-0.5286759734153748,0
-0.25466498732566833,1.1168173551559448,1.242568016052246,0.8284835815429688,0.7895413637161255,0.4981050193309784,0.655689537525177,1.2175523042678833,-0.5844951868057251,1.7204594612121582,0.1418774574995041,0.24008123576641083,1.2994800806045532,0.8973650932312012,0.6018785834312439,1
0.06776615977287292,0.7575579881668091,1.2539324760437012,1.223624348640442,0.41905084252357483,1.1452239751815796,1.0317623615264893,0.3698961138725281,1.2521001100540161,1.037997841835022,1.1910619735717773,1.5911332368850708,1.095405101776123,0.4395338296890259,-0.08116748183965683,1
-0.21897010505199432,0.525084376335144,0.30842697620391846,0.7009522318840027,0.7758030891418457,-0.8116368651390076,-0.04616380110383034,0.7530066967010498,0.34552887082099915,0.24285466969013214,0.027946164831519127,0.419318288564682,1.3266178369522095,1.2870596647262573,-0.3188000023365021,0
-0.19274932146072388,0.5679817795753479,0.012625969015061855,0.6879573464393616,1.1039223670959473,-0.01213757786899805,0.3220479190349579,-0.1683211326599121,-0.39129090309143066,0.42963463068008423,-0.26190781593322754,-0.04540811479091644,1.3690301179885864,0.955156147480011,0.0219498910009861,0
-0.2627894878387451,1.3679360151290894,0.8634916543960571,1.2905563116073608,0.909302294254303,1.0515377521514893,1.0244994163513184,0.3671838641166687,0.4618525803089142,0.9292225241661072,0.07973612844944,0.052217748016119,0.8612080812454224,0.04399457573890686,1.4331969022750854,1
0.2942575514316559,0.06784781068563461,0.07586757093667984,-0.026679182425141335,0.04185415059328079,0.6877560019493103,-0.25218474864959717,-0.20189189910888672,-0.10412469506263733,-0.32614806294441223,1.3787964582443237,-0.006109843496233225,0.0851561427116394,-0.6632267832756042,0.7454225420951843,0
-0.0544864758849144,-0.24382911622524261,1.2558153867721558,1.3198139667510986,0.9721932411193848,0.6772509217262268,0.41891953349113464,0.9217149615287781,1.321163535118103,-0.5342272520065308,0.8156953454017639,0.5039085745811462,0.07126260548830032,-0.09004940092563629,0.6935137510299683,1
0.13702167570590973,0.16783206164836884,1.1405844688415527,0.26154980063438416,-0.15755648910999298,0.6460696458816528,1.0731077194213867,0.6247115731239319,0.358269602060318,0.7863565683364868,0.7258119583129883,0.6091364026069641,0.21712596714496613,-0.060172516852617264,-0.4186587631702423,1
-0.018949100747704506,0.10691747814416885,0.11678317934274673,0.9739216566085815,1.2254213094711304,0.7817637920379639,0.16600416600704193,0.305365651845932,1.0397799015045166,0.8018795847892761,0.30382677912712097,0.5419241189956665,0.2009497880935669,1.4797072410583496,0.042243484407663345,0
-0.15441860258579254,0.6091954112052917,0.6501215100288391,0.3869372606277466,0.8862865567207336,0.10457121580839157,-0.32653751969337463,-0.1477378010749817,-0.32263556122779846,0.9688653349876404,0.357744038105011,-0.1624578982591629,-0.15782639384269714,-0.32058191299438477,0.5917741656303406,1
-0.12111131846904755,0.5389644503593445,0.790306806564331,0.4821978211402893,1.3632217645645142,1.032692551612854,0.05964271351695061,-0.17657047510147095,-0.5261750817298889,1.144636631011963,1.2028899192810059,1.5111044645309448,0.10428790003061295,0.08583460748195648,1.2246636152267456,1
0.25434979796409607,1.201803207397461,0.9124321937561035,0.1097187027335167,-0.05002117529511452,0.2980920374393463,0.8098919987678528,0.01139791402965784,0.3034614622592926,1.283897042274475,1.0483194589614868,-0.033670276403427124,0.10540907829999924,1.0369000434875488,1.2369418144226074,1
0.18503625690937042,0.6120374202728271,-0.14615093171596527,-0.3128942847251892,-0.19121265411376953,1.2755529880523682,0.23613102734088898,1.412214756011963,0.21290497481822968,0.22623400390148163,-0.33181512355804443,0.5071365237236023,0.02177744358778,-0.055459070950746536,-0.02991509810090065,0
-0.2844108045101166,-0.222928985953331,0.9199824929237366,0.2527106702327728,0.03473278880119324,0.15805093944072723,0.9793685078620911,1.3747090101242065,0.6818373203277588,1.5486955642700195,1.2148441076278687,0.3420780599117279,-0.03295378386974335,1.0113564729690552,1.1313834190368652,1
0.20392854511737823,0.7973241806030273,-0.15772946178913116,-0.23803459107875824,-0.007102646864950657,-0.41395309567451477,1.0700329542160034,0.7383084893226624,0.4523499608039856,-0.36989548802375793,0.38444414734840393,0.16248150169849396,0.99113929271698,-0.21227921545505524,1.2294143438339233,0
-0.3130458891391754,-0.3085695207118988,1.0597378015518188,1.3537275791168213,1.4269477128982544,1.1988390684127808,1.2579989433288574,0.9853607416152954,0.5769444704055786,0.32150745391845703,0.07702133804559708,1.0597209930419922,0.20259004831314087,0.994303286075592,0.07859894633293152,1
0.11337879300117493,0.5643980503082275,-0.0975823849439621,-0.36004191637039185,0.5979684591293335,-0.5501648783683777,-0.4020933210849762,0.22327688336372375,0.1546124815940857,0.5791858434677124,1.3733267784118652,1.0674370527267456,1.1284211874008179,1.244499921798706,0.6989988684654236,0
-0.43183040618896484,0.03167130425572395,0.7311350703239441,0.5674657821655273,-0.20295941829681396,0.7498571276664734,0.5950632095336914,0.14134006202220917,0.5134953260421753,-0.4172489047050476,1.139169692993164,0.7348335981369019,-0.47759953141212463,0.982293426990509,0.6152232885360718,1
-0.18783877789974213,0.8399015665054321,0.4282154440879822,-0.029247380793094635,1.321790099143982,0.9680100679397583,0.9870892763137817,1.155609369277954,-0.13241326808929443,0.05428468808531761,-0.20673419535160065,-0.06157492473721504,1.222890019416809,0.484305739402771,0.655318021774292,0
-0.26922908425331116,1.507799506187439,1.1722644567489624,1.2909971475601196,0.8939039707183838,-0.19275394082069397,0.1813432276248932,0.11695463210344315,-0.15117159485816956,0.21946436166763306,0.8122835755348206,0.6847783327102661,0.9447267055511475,1.1536662578582764,-0.15598192811012268,1
-0.040496379137039185,1.136177897453308,0.4556710720062256,-0.1398366242647171,1.2841328382492065,-0.3358818590641022,-0.19079895317554474,0.7634353041648865,0.8856620192527771,1.2374508380889893,0.09522004425525665,0.12202715128660202,1.0384265184402466,0.8505696654319763,1.2943270206451416,0
0.2720619738101959,1.050079345703125,1.154377818107605,1.041741132736206,1.189605951309204,-0.3555234670639038,0.5361171364784241,-0.4837632477283478,0.9084588289260864,0.10144561529159546,1.1915785074234009,1.0128830671310425,1.2796900272369385,0.9814431071281433,1.1229135990142822,1
-0.00452330382540822,1.2834014892578125,-0.8483925461769104,-0.42758291959762573,1.2925530672073364,0.8615291714668274,0.8961017727851868,0.6788346171379089,1.5164875984191895,1.1049833297729492,0.1643276959657669,0.9606117606163025,0.37129104137420654,0.012928773649036884,1.2683944702148438,0
-0.37421920895576477,1.0283896923065186,0.5229016542434692,1.0921987295150757,0.3213752210140228,-0.3457120358943939,0.928196370601654,0.9942767024040222,0.27337753772735596,-0.093719482421875,0.8902183175086975,-0.2012612372636795,0.4199751317501068,-0.016433624550700188,0.7123799324035645,1
0.1051919236779213,-0.10557441413402557,0.35392558574676514,-0.028155576437711716,-0.5383051037788391,-0.15501517057418823,1.293542742729187,-0.09856099635362625,1.1821004152297974,0.8939226269721985,1.6095554828643799,-0.11788223683834076,-0.05919772759079933,0.10139095783233643,1.0170133113861084,0
-0.647763192653656,1.2655279636383057,0.6905912756919861,0.9836474061012268,0.8577723503112793,-0.06880901008844376,1.0725338459014893,1.1430562734603882,1.1033998727798462,0.14825892448425293,-0.18865428864955902,-0.4272518455982208,-0.169470876455307,0.7409304976463318,0.12834669649600983,1
0.18106622993946075,0.31987497210502625,1.143093228340149,0.8071805834770203,0.2718255817890167,1.085309624671936,-0.3262547254562378,-0.19052109122276306,0.23641589283943176,0.6830604672431946,1.35007643699646,-0.012946287170052528,0.3262946903705597,1.342503309249878,0.5259917378425598,1
0.43618279695510864,0.3295968770980835,-0.04572375863790512,0.17541277408599854,0.7369704842567444,-0.5000057220458984,-0.2642667293548584,0.3893596827983856,0.9878354668617249,0.06646613776683807,0.12532761693000793,1.2694472074508667,0.1202753484249115,0.29630953073501587,-0.08639073371887207,0
-0.09769819676876068,-0.009456721134483814,-0.10054461658000946,-0.0902605801820755,0.9014648795127869,-0.31297507882118225,0.7055819034576416,0.9105513691902161,1.140211820602417,1.3052210807800293,0.23697905242443085,-0.022702302783727646,-0.47884854674339294,1.1077067852020264,1.4584641456604004,0
-0.2577977776527405,1.4221352338790894,0.7381871342658997,0.04935287684202194,-0.29456520080566406,-0.04341845586895943,-0.07837539166212082,0.42654547095298767,0.8861200213432312,0.5939486622810364,0.20800964534282684,0.99008709192276,1.1548327207565308,0.9514787793159485,0.14630131423473358,0
0.20576874911785126,0.9002520442008972,-0.21195189654827118,0.0452776737511158,-0.05962040275335312,-0.024712396785616875,0.3234759271144867,1.4202568531036377,0.4082905054092407,0.36886265873908997,0.7804540991783142,0.6951789259910583,0.12872643768787384,0.0338081493973732,-0.036398377269506454,0
-0.5373345613479614,0.12418960779905319,-0.1631435602903366,1.1049906015396118,-0.16144582629203796,-0.3572009205818176,-0.3175894021987915,0.981267511844635,0.36282244324684143,0.6692078113555908,0.7883110642433167,0.975761353969574,-0.06994245201349258,1.1437147855758667,0.7911991477012634,0
-0.40211984515190125,0.19213789701461792,0.8262338042259216,-0.0050575691275298595,-0.021685414016246796,-0.5058159232139587,-0.7207134962081909,0.936790943145752,0.1043424978852272,-0.18815520405769348,1.5144213438034058,0.8648513555526733,0.24487639963626862,-0.2128692865371704,0.42372483015060425,1
-0.11917348206043243,0.8061795830726624,-0.25389033555984497,0.7699131369590759,1.3171885013580322,-0.26823320984840393,-0.36939916014671326,0.8488762974739075,0.23687304556369781,1.3560547828674316,-0.2137318104505539,0.9976310133934021,-0.12877808511257172,-0.49938181042671204,1.0347206592559814,0
-0.8137379288673401,0.8634604215621948,0.1151869148015976,-0.3627288341522217,0.9091693162918091,1.0096347332000732,0.016650330275297165,-0.32807305455207825,1.1456304788589478,0.24093274772167206,0.9143882393836975,0.968356192111969,0.1765173375606537,-0.04275219514966011,0.7869141101837158,0
0.21958227455615997,1.1074029207229614,-0.014202912338078022,1.0061218738555908,-0.10382474958896637,-0.3883289694786072,0.13217444717884064,1.4703563451766968,1.220360279083252,0.5647643208503723,1.3044909238815308,-0.3142313063144684,1.27855384349823,0.02435179613530636,1.1309345960617065,0
0.13846278190612793,0.7800036668777466,-0.24212180078029633,-0.28079941868782043,0.0184331052005291,0.9743051528930664,0.05025939643383026,1.1759986877441406,0.945517897605896,-0.4203362464904785,0.28743740916252136,0.6447714567184448,0.17862604558467865,-0.5245005488395691,1.2049661874771118,0
-0.12646134197711945,0.2500481903553009,0.7607975006103516,1.3844928741455078,0.9872347116470337,0.26968249678611755,1.219436526298523,0.48851215839385986,-0.286160945892334,-0.2146986573934555,-0.08121632784605026,0.05511386692523956,0.43975815176963806,1.1661261320114136,0.9259600043296814,1
0.2169971764087677,0.13409055769443512,-0.27143844962120056,0.1488470733165741,0.910011351108551,0.8602444529533386,1.0992305278778076,1.6679785251617432,1.2430952787399292,0.8580502271652222,1.3315767049789429,-0.06447485834360123,-0.05880111828446388,1.4930288791656494,0.06317248195409775,0
0.40663281083106995,-0.09309149533510208,-0.053797584027051926,1.0478615760803223,0.46746647357940674,1.4728726148605347,-0.4403384029865265,0.48444342613220215,0.450503945350647,-0.35806986689567566,0.9443032741546631,1.4369769096374512,1.2691913843154907,0.0968625545501709,0.9260047674179077,0
-0.13898614048957825,0.8131705522537231,-0.331150084733963,0.04780103638768196,1.2071353197097778,0.8759654760360718,-0.28433266282081604,-0.42109522223472595,0.8899299502372742,0.12255793064832687,0.009350843727588654,0.3846581280231476,0.03579335659742355,1.5613025426864624,-0.2605784833431244,0
0.009716344065964222,0.5014244914054871,1.078736424446106,-0.15318231284618378,0.8747709393501282,0.9012445211410522,0.20867355167865753,0.7674814462661743,0.6646058559417725,1.0124170780181885,1.5851370096206665,-0.29142630100250244,1.1646361351013184,-0.32966622710227966,1.1177057027816772,1
0.11691757291555405,0.5401511788368225,0.35334745049476624,0.9123319983482361,-0.017757374793291092,0.16852915287017822,0.7749841809272766,0.048729684203863144,1.5890240669250488,0.977703869342804,0.8757609128952026,1.1094461679458618,0.43306049704551697,1.372814655303955,0.721668004989624,0
0.30361682176589966,-0.2153717279434204,1.3304693698883057,0.9370712041854858,1.1906009912490845,0.2619597017765045,1.1889278888702393,1.1348536014556885,1.1131526231765747,0.1979432851076126,0.9840055108070374,0.8694349527359009,-0.07969345152378082,-0.479648232460022,1.6379281282424927,1
0.41576412320137024,-0.28218188881874084,-0.689116358757019,-0.23891732096672058,0.8044683933258057,-0.1213446855545044,0.011178934015333652,-0.26735737919807434,0.13406427204608917,0.6240209937095642,1.3226312398910522,1.104413628578186,0.5146668553352356,0.8912076950073242,0.968787431716919,0
-0.19292716681957245,-0.36939021944999695,-0.5181342363357544,-0.39833131432533264,0.13591405749320984,0.008489081636071205,0.6071505546569824,0.391763299703598,0.325866162776947,-0.33155813813209534,-0.06460414081811905,0.08377092331647873,0.6266800165176392,0.08637485653162003,-0.015187514945864677,0
-0.20933835208415985,-0.1870095282793045,0.33871227502822876,1.0302422046661377,0.9823288917541504,1.2396522760391235,1.617659330368042,1.126522421836853,1.592421293258667,1.0429805517196655,0.32235902547836304,0.12230285257101059,1.3535168170928955,0.6676004528999329,0.26942574977874756,0
0.22558961808681488,0.267659455537796,0.9501032829284668,0.4730626344680786,0.0707395076751709,0.09527987241744995,-0.14843495190143585,1.0623494386672974,0.8845066428184509,0.08728004992008209,-0.05511321872472763,1.454479694366455,1.371906042098999,-0.284812867641449,1.1514943838119507,1
-0.44324272871017456,-0.7330291271209717,1.347966194152832,-0.4899062216281891,-0.016920102760195732,0.6546321511268616,0.7253535389900208,0.9943215847015381,0.08825930207967758,0.7868825197219849,0.20396631956100464,-0.3711698651313782,0.40368539094924927,-0.26066020131111145,0.3178366422653198,1
-0.1300896406173706,1.0960328578948975,-0.10275991261005402,0.8968145251274109,-0.08693498373031616,0.062111299484968185,-0.04646486043930054,0.4361259937286377,0.9367603063583374,-0.002049398608505726,1.152661681175232,0.48735105991363525,0.9971545934677124,0.18249239027500153,0.40670663118362427,0
0.132828488945961,0.9955664873123169,0.384528785943985,1.040161371231079,0.9797682166099548,1.1270897388458252,-0.0554841049015522,-0.08399340510368347,-0.3135239779949188,0.9873076677322388,0.19612345099449158,-0.10570993274450302,0.43699967861175537,0.9704807996749878,1.4438592195510864,0
0.3915928304195404,1.099946141242981,0.18414181470870972,0.16141821444034576,-0.4598897397518158,0.44704440236091614,-0.0861101746559143,0.2060486078262329,0.24527621269226074,-0.35105350613594055,-0.09430938959121704,1.41877281665802,-0.14977620542049408,-0.15133406221866608,0.27617090940475464,0
-0.3403555750846863,-0.04237493500113487,0.1675494760274887,-0.130171999335289,0.7396218180656433,1.0834001302719116,0.3734017312526703,0.790946364402771,0.030283262953162193,-0.06583337485790253,0.4403330385684967,0.2164837270975113,-0.18611672520637512,1.512628436088562,1.1912649869918823,0
-0.22225268185138702,1.16634202003479,0.8378726840019226,-0.04820312187075615,0.7159072756767273,1.0420558452606201,1.0489157438278198,0.06819986552000046,0.1455618292093277,0.995039165019989,-0.5323484539985657,0.7788277268409729,-0.3376286029815674,1.9526333808898926,1.0103257894515991,1
0.09129680693149567,-0.2744388282299042,0.8797333836555481,1.0592836141586304,-0.34419509768486023,0.15955989062786102,-0.4842318892478943,1.2947227954864502,0.050931915640830994,0.829607367515564,1.0562382936477661,1.2977288961410522,-0.027497975155711174,0.6758272051811218,-0.13401935994625092,1
0.16757303476333618,0.47772201895713806,-0.05432210490107536,-0.45671308040618896,0.18396922945976257,0.05195232853293419,0.7309791445732117,0.7271451950073242,-0.05000695958733559,-0.2474936544895172,0.8379560708999634,0.7102752327919006,0.9755474925041199,0.9381628632545471,0.391324520111084,0
-0.09187262505292892,1.6325310468673706,-0.2882333993911743,0.34887930750846863,-0.17815010249614716,0.9648102521896362,-0.1542019546031952,-0.459739625453949,0.5051588416099548,0.8743022680282593,0.5152067542076111,-0.3563443124294281,1.326743721961975,0.4173303544521332,1.290479063987732,0
0.22652536630630493,0.20457547903060913,1.054385781288147,0.8629715442657471,-0.11907289922237396,0.8447558283805847,0.305677592754364,0.7163180112838745,-0.18408189713954926,0.6697045564651489,-0.05658673122525215,1.5616146326065063,-0.11295782774686813,0.42018723487854004,1.3828883171081543,1
-0.21378333866596222,0.8149750232696533,-0.561850905418396,0.09770236909389496,0.15481945872306824,1.0952786207199097,-0.21807250380516052,1.3418896198272705,1.294221043586731,1.2990177869796753,1.0429494380950928,0.9542645812034607,0.6053725481033325,0.6294806599617004,0.6669197678565979,0
0.332302063703537,0.41597726941108704,0.21249788999557495,-0.11433529108762741,-0.7431586980819702,0.12398666143417358,1.2705823183059692,0.24791984260082245,0.11981181800365448,0.5916463136672974,0.8863756656646729,1.0314786434173584,0.8959169387817383,1.0568917989730835,1.0546627044677734,0
0.01980784721672535,1.1398725509643555,1.0455113649368286,0.6760666370391846,1.1981559991836548,-0.021839464083313942,0.39959076046943665,0.9887082576751709,0.030019737780094147,0.013728088699281216,0.3987843692302704,-0.5351523160934448,0.5504207015037537,0.18454581499099731,0.7081340551376343,1
0.08832577615976334,0.743539571762085,0.036476798355579376,0.2904425859451294,0.9088680744171143,0.9815707802772522,-0.002551557496190071,0.8741929531097412,1.296909213066101,0.11975859850645065,0.1704792082309723,-0.5590417385101318,0.007578765507787466,0.3395828604698181,-0.2727440893650055,0
0.24400876462459564,1.6107466220855713,1.2263909578323364,1.0359326601028442,-0.11868558824062347,-0.23886920511722565,0.23253658413887024,1.5069419145584106,0.7425523996353149,0.17192807793617249,0.35572412610054016,1.1207674741744995,0.7874885201454163,0.2618546783924103,0.4177350103855133,1
-0.20354126393795013,0.8805546164512634,0.9844815731048584,0.39067932963371277,0.749059796333313,0.06843288242816925,0.9499943256378174,0.2395678162574768,1.0920906066894531,0.6040841341018677,-0.15113981068134308,0.28839147090911865,0.09005880355834961,1.253340721130371,0.23804709315299988,1
-0.31099581718444824,0.9467284679412842,0.12138643860816956,1.0166715383529663,-0.7819236516952515,0.14745455980300903,0.13861380517482758,1.3689910173416138,0.1185995563864708,0.4798150360584259,0.038387805223464966,0.9668900370597839,0.6456156969070435,0.7672939300537109,0.7781772017478943,0
-0.045283570885658264,1.436167597770691,1.3807754516601562,1.3431692123413086,0.20228751003742218,0.9609702825546265,1.313724398612976,1.087006688117981,0.6763043999671936,0.9008176326751709,1.059086561203003,0.28230080008506775,0.686148464679718,1.014459490776062,0.6714504361152649,1
-0.26458194851875305,-0.15969930589199066,1.2119133472442627,-0.09558586031198502,-0.11955900490283966,0.5871242880821228,0.32609841227531433,1.2460591793060303,0.9131972789764404,-0.19278733432292938,1.0032168626785278,-0.38852083683013916,0.3661883771419525,1.5992908477783203,0.7701621055603027,1
0.23058363795280457,0.21341794729232788,0.9050344824790955,-0.07363010197877884,-0.12914249300956726,0.871756911277771,0.15639634430408478,1.3034932613372803,1.2077281475067139,0.7459238767623901,0.39063698053359985,0.8903700113296509,0.9776314496994019,0.816409707069397,0.1446302980184555,1
-0.24201132357120514,0.07470881193876266,1.0691912174224854,0.384141206741333,0.7102155685424805,-0.08366937935352325,1.202135443687439,0.9111801981925964,0.29342228174209595,1.1925086975097656,0.9413514137268066,1.2266817092895508,0.004129820968955755,0.32132843136787415,0.1056942269206047,1
-0.14362290501594543,1.135948657989502,1.1429715156555176,-0.32886260747909546,-0.4427404999732971,0.8051255941390991,0.972057580947876,-0.009071108885109425,-0.16074515879154205,0.40436872839927673,0.4960724711418152,0.2161819189786911,0.9706003069877625,0.0448552705347538,-0.30677956342697144,1
-0.34318220615386963,1.2030305862426758,0.6877098679542542,1.0845394134521484,0.14306263625621796,0.5679904818534851,0.40527573227882385,-0.23616166412830353,1.3013337850570679,0.19617673754692078,0.8744949102401733,-0.47221535444259644,1.4227882623672485,0.2056300789117813,0.3199334740638733,1
0.0029496755450963974,0.27234068512916565,0.55528724193573,0.8889694213867188,0.0781097337603569,1.108577847480774,0.2808744013309479,0.3717050850391388,-0.17123821377754211,1.0276806354522705,0.9409414529800415,-0.07137531042098999,-0.3867403268814087,0.5726451873779297,-0.7562156915664673,1
-0.021598806604743004,-0.42481616139411926,0.04514940083026886,0.2724960148334503,-0.2636823356151581,0.841145396232605,0.7738199830055237,0.8758386373519897,0.6596596837043762,0.3611435890197754,0.7411659955978394,1.2358287572860718,-0.18103814125061035,0.991311252117157,0.7291435599327087,0
0.0992317870259285,0.11263120174407959,0.5657477974891663,-0.15199361741542816,0.14488911628723145,1.384619116783142,0.07353845238685608,0.5361857414245605,-0.34439384937286377,1.1009254455566406,1.3603882789611816,0.9126400351524353,1.0959612131118774,1.2299294471740723,0.9079967141151428,1
0.4958207607269287,0.11308164894580841,0.29283756017684937,0.9857269525527954,0.23102200031280518,-0.31653615832328796,1.2364741563796997,0.3222027122974396,-0.4337887167930603,1.4520996809005737,0.385380357503891,0.13289648294448853,0.5281979441642761,-0.3612242341041565,-0.1486385464668274,0
-0.28623509407043457,0.5369445085525513,0.7226458787918091,0.38338547945022583,1.0373213291168213,1.3821808099746704,0.6984018087387085,-0.12917611002922058,0.5919239521026611,-0.2714279294013977,0.017212390899658203,0.05109051614999771,0.65591961145401,1.1124799251556396,0.2360156625509262,1
-0.19640302658081055,0.46661239862442017,0.8574668169021606,0.9931299686431885,1.373567819595337,0.1929718255996704,0.7678683400154114,0.5182635188102722,1.1294044256210327,1.150406837463379,-0.5209733247756958,0.855556070804596,0.15656377375125885,0.10395368933677673,0.5902837514877319,1
-0.36129456758499146,1.2527711391448975,0.8809192180633545,0.9356905817985535,0.936312198638916,-0.03939738869667053,1.060770034790039,1.302768588066101,0.135459765791893,1.149411916732788,-0.22213049232959747,0.7439863681793213,1.4113014936447144,1.2064969539642334,0.44650307297706604,1
0.0096027422696352,1.0411494970321655,0.9085671901702881,-0.4884893298149109,0.8776783347129822,0.9758710265159607,0.9841107130050659,0.11486713588237762,0.5471410155296326,0.6600793600082397,0.3832175135612488,0.8546043634414673,0.06262554228305817,0.4814547002315521,1.1579071283340454,1
-0.006272999104112387,-0.36450380086898804,0.018574345856904984,0.4184463918209076,1.0792139768600464,-0.11022414267063141,0.2461635321378708,0.11243557929992676,1.302553415298462,-0.15657593309879303,0.49067363142967224,0.6799794435501099,0.8472657203674316,0.10367495566606522,0.1495419293642044,0
-0.09293044358491898,0.36286264657974243,0.937879741191864,-0.19175323843955994,-0.11022572964429855,0.6674798130989075,0.6059964299201965,0.000994027708657086,0.694502592086792,0.7630963325500488,1.0813238620758057,0.14616675674915314,0.11653739959001541,0.1919814497232437,-0.04190393537282944,1
0.29574257135391235,-0.4292293190956116,1.3134969472885132,0.666496992111206,1.0101231336593628,-0.013424535281956196,-0.14036935567855835,0.9570471048355103,-0.13355210423469543,1.0807043313980103,1.0596604347229004,-0.49563467502593994,0.14187075197696686,0.5722349882125854,0.4765782952308655,1
0.0699705109000206,1.38454008102417,0.1087583675980568,-0.5945084095001221,1.2329964637756348,0.8137899041175842,0.9314849376678467,0.07067088037729263,1.460137963294983,-0.02868172898888588,-0.18689534068107605,-0.18022102117538452,1.4234989881515503,-0.572881817817688,0.4304155111312866,0
-0.03994736447930336,1.063984990119934,0.694156289100647,-0.28725552558898926,0.796814501285553,-0.24000006914138794,-0.130089670419693,-0.568962574005127,-0.014742347411811352,1.064535140991211,0.9006485939025879,1.0400294065475464,1.1921520233154297,1.1456212997436523,1.3948801755905151,0
-0.011043420061469078,0.7558406591415405,-0.4612300395965576,0.27830663323402405,0.6021454930305481,0.8385845422744751,-0.4707662761211395,1.3159233331680298,0.02278946340084076,0.29521632194519043,0.1359192281961441,-0.14284640550613403,1.2338435649871826,0.6648950576782227,1.1413270235061646,0
0.21039839088916779,0.06489292532205582,-0.49448925256729126,1.166123390197754,0.852314293384552,1.1168581247329712,0.026568541303277016,0.9151456356048584,0.6922510266304016,0.8193539381027222,0.8529255390167236,0.6819079518318176,-0.054690293967723846,0.6903958916664124,0.5745458602905273,0
0.29325222969055176,0.3950912654399872,1.0057681798934937,1.4366263151168823,0.7203720211982727,-0.21943354606628418,0.5361052751541138,1.8709443807601929,-0.1613602638244629,0.5643599629402161,0.037412844598293304,1.1109182834625244,0.35532379150390625,1.1533101797103882,-0.7808250784873962,1
-0.5094351768493652,-0.11625540256500244,0.35399046540260315,1.4569324254989624,1.298134207725525,-0.09558228403329849,0.05667479336261749,1.0131980180740356,-0.17434531450271606,0.2430981695652008,0.7615891098976135,1.3105121850967407,0.8047957420349121,0.061076998710632324,1.3217874765396118,0
-0.10718096047639847,-0.296327143907547,-0.46632224321365356,-0.12855832278728485,0.008433878421783447,-0.26444894075393677,-0.34342852234840393,0.7218568921089172,1.309991717338562,1.444167971611023,0.050861407071352005,1.3403091430664062,1.0371636152267456,-0.1407892107963562,-0.580777645111084,0
0.08530833572149277,0.2906079888343811,1.4326751232147217,0.39500129222869873,1.1630644798278809,0.5366889238357544,0.019798360764980316,0.03993307426571846,1.2320408821105957,0.4645538330078125,0.13010282814502716,-0.024509647861123085,1.0273808240890503,-0.13099808990955353,-0.03126174211502075,1
-0.2596970796585083,1.2861616611480713,0.08359657227993011,0.9460696578025818,1.1371984481811523,0.7595272660255432,0.6691802144050598,0.22188669443130493,0.46614518761634827,-0.2175624817609787,0.7827854156494141,0.41802141070365906,1.204179286956787,-0.03693786635994911,-0.3662680387496948,0
-0.09703176468610764,0.6306236386299133,0.39543554186820984,1.1398718357086182,0.07215071469545364,0.15816785395145416,0.1463208794593811,-0.2933078706264496,0.8705980181694031,0.17513348162174225,-0.11960708349943161,0.6739649176597595,0.6264041066169739,0.5536113381385803,0.8312297463417053,1
0.15549752116203308,1.0946402549743652,1.3315154314041138,1.4265609979629517,0.23791725933551788,0.9125491380691528,0.9820182919502258,0.5173447728157043,0.2205553650856018,0.06495977938175201,1.2352807521820068,0.7373436689376831,-0.19326381385326385,0.3544730842113495,1.4638493061065674,1
-0.31385162472724915,0.43130749464035034,1.1566048860549927,0.2490411400794983,0.22784993052482605,0.14795568585395813,-0.7611077427864075,1.1146296262741089,0.2405262440443039,1.0763107538223267,0.09430872648954391,1.0224918127059937,1.1978209018707275,1.3538789749145508,0.2616194188594818,1
0.06959561258554459,0.39580973982810974,0.6261021494865417,1.0283790826797485,-0.6004036664962769,1.3221769332885742,0.8932076096534729,-0.5629953742027283,0.757095992565155,1.045082926750183,0.385631263256073,0.9153550863265991,1.1973559856414795,1.281383752822876,0.16671915352344513,1
-0.02986903302371502,0.8056647777557373,1.2996059656143188,0.02500852569937706,1.1402478218078613,1.4998136758804321,1.1747994422912598,0.473909467458725,-0.03419902175664902,1.4251152276992798,1.204604983329773,-0.0038539269007742405,0.1595274806022644,0.1715550273656845,-0.21249279379844666,1
-0.11704111099243164,0.08325369656085968,0.0599869042634964,-0.11756348609924316,0.08264584094285965,1.2075061798095703,0.40934300422668457,0.07685015350580215,-0.1253764033317566,-0.44879350066185,0.019264118745923042,-0.2753431797027588,0.8583916425704956,-0.5597155094146729,0.7345203757286072,0
-0.021675793454051018,0.05835162103176117,0.07561567425727844,0.944510281085968,1.3361539840698242,0.704440176486969,0.9796774983406067,-0.013232626020908356,0.009354205802083015,1.034753441810608,-0.05676423758268356,0.22031667828559875,1.1411514282226562,0.42776918411254883,1.0028026103973389,0
-0.1684941053390503,1.1814024448394775,0.16235482692718506,0.2187482714653015,1.5469114780426025,1.2950680255889893,-0.21582363545894623,-0.2635709345340729,1.0681565999984741,0.9854832291603088,1.2734832763671875,0.42251670360565186,1.1117191314697266,-0.014530502259731293,0.08843178302049637,0
-0.14766553044319153,0.9211700558662415,0.32258570194244385,0.2774757742881775,0.18419969081878662,1.071900486946106,1.1580150127410889,1.214231014251709,0.01030340138822794,1.0791717767715454,0.8975498080253601,1.071155071258545,0.3100598454475403,0.053298469632864,0.005130348261445761,0
-0.2361564338207245,0.5636317729949951,1.474413275718689,0.8660632371902466,0.01462892722338438,-0.14234857261180878,1.0426656007766724,0.05092862993478775,-0.5245112180709839,1.099941611289978,-0.3663613200187683,0.044236741960048676,0.8111534118652344,-0.43238088488578796,1.210091233253479,1
-0.0890350192785263,1.1818281412124634,0.12469296902418137,1.1649534702301025,0.3131082057952881,1.0580010414123535,1.1336427927017212,0.9894134402275085,1.1633230447769165,0.9797513484954834,0.21346214413642883,0.7190176248550415,0.5050938129425049,-0.060218796133995056,0.9063054323196411,0
-0.05071965977549553,0.06828875839710236,0.12938763201236725,0.08695812523365021,1.7703933715820312,0.26280760765075684,-0.17348669469356537,0.5899693965911865,1.3260408639907837,1.1941927671432495,-0.07593956589698792,-0.3440125286579132,0.7160136103630066,0.24245554208755493,1.0319005250930786,0
-0.3066553771495819,1.0974372625350952,0.8721225261688232,1.3551212549209595,-0.2153710275888443,0.4915352761745453,0.16193720698356628,1.4092841148376465,-0.25176915526390076,0.026466887444257736,0.7617146372795105,1.0516020059585571,1.2306560277938843,-0.04546496644616127,1.0766528844833374,1
-0.004906453192234039,0.8244166970252991,0.9049828052520752,0.7881398797035217,0.8537241816520691,1.2136489152908325,0.3611883819103241,0.6523690819740295,-0.4440559446811676,-0.22839891910552979,0.8782366514205933,-0.12934327125549316,1.3165637254714966,1.2571065425872803,0.12534752488136292,1
0.16380414366722107,0.8072218298912048,1.3564937114715576,0.03292000666260719,1.0402843952178955,-0.3840574324131012,-0.5703012943267822,1.4168214797973633,0.8857790231704712,0.5056021809577942,0.5059378743171692,-0.13781417906284332,-0.40047553181648254,-0.02992265671491623,0.011710570193827152,1
-0.3377927839756012,1.4242500066757202,0.9826962947845459,0.2430533915758133,0.01004528533667326,1.1584410667419434,0.8324034810066223,-0.24350003898143768,-0.552331268787384,1.055772066116333,0.8950546383857727,1.058577299118042,-0.12423495948314667,0.974481999874115,1.0848373174667358,1
0.025785299018025398,0.11011851578950882,0.0555996373295784,0.22074450552463531,1.6188629865646362,-0.1249479278922081,0.2113035023212433,-0.1927591860294342,0.4263513684272766,0.7001264095306396,-0.07948808372020721,0.028618495911359787,0.6283334493637085,0.16412803530693054,1.1979076862335205,0
-0.2762739956378937,0.1296015828847885,1.105770468711853,1.115868091583252,0.14056336879730225,0.6744834184646606,0.9870930910110474,1.0593987703323364,1.0168272256851196,1.1055593490600586,1.1163171529769897,-0.3818742334842682,1.1276501417160034,-0.4760860204696655,1.0059856176376343,1
-0.3296205997467041,-0.696984052658081,1.5818980932235718,0.04171984642744064,0.26490870118141174,0.4884311258792877,0.8011683821678162,1.037857174873352,-0.21623364090919495,-0.29883041977882385,1.1822298765182495,0.1272607445716858,1.369783639907837,0.2110249251127243,0.321806937456131,1
0.11426392197608948,1.1235398054122925,1.1909533739089966,1.2876627445220947,1.2095463275909424,0.8656316995620728,1.2742339372634888,0.49600955843925476,1.3541648387908936,-0.1391199380159378,0.9668840169906616,-0.3189104199409485,-0.26895013451576233,1.314376950263977,1.1465942859649658,1
0.029350904747843742,1.1527276039123535,0.18062454462051392,-0.168897807598114,0.022010240703821182,0.18779638409614563,-0.10081199556589127,0.9110135436058044,0.5729416012763977,0.23330707848072052,-0.06037049740552902,0.21961958706378937,-0.017010759562253952,0.3607378900051117,0.7708216905593872,0
0.014831925742328167,1.119554877281189,0.5549705028533936,0.26608800888061523,-0.39878806471824646,1.1980551481246948,0.20469355583190918,0.7843833565711975,0.34467723965644836,-0.11138030886650085,0.7332523465156555,0.21438486874103546,-0.4229116141796112,-0.05360143631696701,0.28864020109176636,1
0.1495702713727951,-0.028693916276097298,-0.27851974964141846,-0.00875313114374876,1.1696264743804932,0.5576261878013611,0.22268831729888916,1.0485873222351074,-0.23392628133296967,0.41767996549606323,0.11339355260133743,-0.1429329514503479,1.253584384918213,0.7583587765693665,-0.011759795248508453,0
-0.6009711623191833,1.3744113445281982,-0.21626532077789307,-0.23351669311523438,0.11764980852603912,0.3340715169906616,0.25539201498031616,1.0882987976074219,1.1244564056396484,0.0409904383122921,1.553631067276001,0.33157339692115784,-0.04162793979048729,-0.161823108792305,-0.3957529366016388,0
0.10730403661727905,1.1271311044692993,-0.3547581434249878,0.14280687272548676,0.5264275074005127,0.16020046174526215,0.563581645488739,0.29277151823043823,0.35130664706230164,0.2058311253786087,0.5602169036865234,0.09483803808689117,0.9314292669296265,0.8928717374801636,0.13547533750534058,0
0.05515725538134575,-0.044320739805698395,0.652727484703064,0.643232524394989,1.1385778188705444,0.9093848466873169,0.05802086740732193,0.756732165813446,0.9559237360954285,0.19961068034172058,0.768632173538208,-0.27386221289634705,0.6226183176040649,0.9399557709693909,0.7713958621025085,1
-0.23479591310024261,0.022634761407971382,1.1153894662857056,-0.062250394374132156,0.27851665019989014,1.0618821382522583,-0.3882085382938385,0.8819402456283569,0.33484822511672974,0.23491623997688293,0.3694418966770172,0.425249308347702,-0.08148800581693649,0.10882752388715744,-0.0767221748828888,1
-0.5757645964622498,-0.36602431535720825,-0.542514979839325,1.3602405786514282,0.06083986535668373,1.045009732246399,-0.3714512288570404,1.4186395406723022,0.8716092705726624,1.0188573598861694,1.0685955286026,0.30818048119544983,-0.08043910562992096,0.07496805489063263,-0.19485779106616974,0
-0.08019159734249115,0.16210849583148956,0.04615836963057518,-0.3620296120643616,0.9105424284934998,1.1727312803268433,0.06512044370174408,-0.09384014457464218,0.6704152226448059,-0.3793717622756958,0.9807555079460144,1.430165410041809,0.4440705180168152,0.6963956952095032,0.6379005908966064,0
0.4510420262813568,0.3282870054244995,0.4972454309463501,0.4717843532562256,0.05576065555214882,1.2531300783157349,0.7864052057266235,0.12515178322792053,-0.03673561289906502,0.07473073154687881,0.31349948048591614,0.9406020641326904,0.7713370323181152,0.9766072630882263,-0.33440613746643066,0
-0.05393620580434799,1.3603663444519043,1.3798240423202515,0.2971873879432678,1.1460638046264648,0.5864257216453552,1.2154654264450073,0.7501468658447266,0.1517173945903778,1.6265977621078491,0.6513262987136841,1.2334237098693848,-0.0389026515185833,-0.5768007040023804,0.23312199115753174,1
-0.3481600284576416,0.3756353259086609,1.0101042985916138,0.4160185754299164,0.20697662234306335,0.8816112875938416,1.207190990447998,0.6262200474739075,0.7580877542495728,-0.11472854763269424,1.178133249282837,1.2609137296676636,-0.12605059146881104,1.0881783962249756,0.047256920486688614,1
0.07080965489149094,0.8834152817726135,0.2863907217979431,0.7403783202171326,-0.1655280739068985,1.1412816047668457,0.8676702380180359,0.10337334871292114,-0.045038141310214996,0.489917516708374,0.6964441537857056,0.6701286435127258,0.15181906521320343,1.0779337882995605,-0.06482939422130585,0
-0.002760262694209814,1.009756326675415,0.2854668200016022,-0.18596193194389343,1.5203202962875366,0.8212963342666626,1.2850810289382935,1.048862338066101,0.29657086730003357,-0.2871682047843933,0.07471822202205658,0.31295931339263916,1.093306303024292,0.9820902347564697,0.6870930790901184,0
0.32815107703208923,0.6151713132858276,1.1484854221343994,1.4764087200164795,-0.28921377658843994,-0.16774895787239075,0.3782140612602234,0.8760799765586853,-0.4875167906284332,-0.5781462788581848,1.463558554649353,-0.33851927518844604,-0.22911947965621948,1.3132399320602417,1.0114850997924805,1
-0.08323775231838226,-0.4139333963394165,1.0184403657913208,1.1756010055541992,-0.1222672238945961,-0.304606556892395,1.0422508716583252,1.039287805557251,-0.7054688930511475,0.697777271270752,0.6643305420875549,1.229744791984558,-0.44044211506843567,1.5734179019927979,0.22740311920642853,1
-0.0013057476608082652,-0.2080496996641159,0.94586580991745,0.23164479434490204,0.1007404625415802,0.7104319334030151,0.7137624025344849,1.2113271951675415,-0.7659810185432434,-0.2618740200996399,1.2150304317474365,0.5592219233512878,1.1620608568191528,-0.20149630308151245,-0.24991795420646667,1
-0.313544362783432,-0.12861159443855286,0.1943243145942688,0.5493426322937012,1.3667986392974854,0.9522333741188049,0.5702816843986511,0.2660261392593384,1.1283154487609863,-0.09614907950162888,0.22596552968025208,0.9995304942131042,-0.5811408758163452,1.373052954673767,1.0712788105010986,0
-0.2794276177883148,0.9360587000846863,-0.1679210662841797,0.7375627160072327,0.7708330154418945,0.8474002480506897,1.0778769254684448,1.2229236364364624,0.01353768352419138,-0.1193593367934227,-0.34635698795318604,0.365077942609787,0.15974703431129456,0.145331010222435,0.08053456991910934,0
0.05488203838467598,1.1310890913009644,0.207083061337471,1.7088329792022705,0.3231472969055176,-0.14011842012405396,-0.11716108024120331,-0.2569406032562256,0.3459382653236389,1.1510566473007202,0.27719640731811523,0.21806177496910095,-0.21151001751422882,0.9412948489189148,0.8947839140892029,0
-0.4303855001926422,1.0180240869522095,1.2361598014831543,-0.11682180315256119,-0.027487659826874733,0.942090630531311,0.9753565192222595,0.8800066709518433,1.141410231590271,0.3895767331123352,0.31900790333747864,0.08510801196098328,-0.47959455847740173,1.311803936958313,0.7360422015190125,1
0.5642972588539124,-0.06061927229166031,0.9255246520042419,0.8729605674743652,-0.3591056764125824,0.8871450424194336,0.6388503909111023,0.27367597818374634,0.9653429388999939,0.870468258857727,0.3264777958393097,0.5939502716064453,-0.3982261121273041,0.946045994758606,-0.04524722695350647,1
0.05309319123625755,1.2646737098693848,-0.4690982401371002,-0.02095211111009121,0.5073356032371521,-0.2608441710472107,-0.15034234523773193,0.8472825288772583,-0.40620559453964233,-0.2649437487125397,-0.020536253228783607,0.2527441382408142,0.15308888256549835,-0.3398534059524536,0.5373415350914001,0
0.1847819685935974,0.10119393467903137,-0.07448224723339081,0.08639270812273026,1.0463330745697021,0.9206254482269287,0.3621670603752136,0.2075069397687912,0.34943193197250366,0.8934245705604553,1.0005747079849243,0.029627181589603424,0.105411596596241,0.9882627725601196,1.4104375839233398,0
-0.2950231730937958,0.9429702758789062,-0.10266464948654175,0.4622856378555298,1.150165319442749,0.3613055646419525,0.7355287075042725,1.265190839767456,-0.34553343057632446,1.1859740018844604,1.4009255170822144,0.8112696409225464,-0.18617358803749084,-0.1517445594072342,1.5483506917953491,0
0.08532144129276276,-0.09284493327140808,0.9202272295951843,1.360985517501831,-0.07598722726106644,0.5447506308555603,-0.20737554132938385,0.22109651565551758,0.4385856091976166,1.3010731935501099,1.5892857313156128,1.3126640319824219,-0.027406740933656693,-0.0459492951631546,1.2252755165100098,1
-0.5166687965393066,0.993629515171051,0.7181425094604492,1.0104223489761353,1.0610231161117554,1.312442421913147,-0.47106367349624634,0.1330716758966446,0.46070292592048645,0.9380393624305725,0.40839308500289917,-0.4533694088459015,0.1400224268436432,1.0975055694580078,0.21895405650138855,1
-0.12991948425769806,1.4160590171813965,1.0802359580993652,-0.09458072483539581,-0.19582277536392212,0.067484050989151,-0.1809050440788269,-0.26938918232917786,-0.03128534182906151,0.7337303757667542,-0.1995825171470642,0.9620038270950317,1.1031168699264526,0.9010175466537476,-0.18805377185344696,1
-0.0826345905661583,-0.43715614080429077,1.3687808513641357,0.09412804991006851,-0.00470667565241456,0.22870104014873505,0.1097213625907898,0.03584131971001625,0.6472632884979248,1.063995122909546,0.43938472867012024,0.7759947180747986,1.1406261920928955,1.0345203876495361,1.5892736911773682,1
-0.03833845630288124,0.400470495223999,1.4278098344802856,0.8984586000442505,0.5068730711936951,-0.46181216835975647,0.8592302799224854,1.4739662408828735,0.9350853562355042,1.2209376096725464,1.0016852617263794,0.13886624574661255,0.7914836406707764,-0.5560654401779175,-0.12898030877113342,1
0.1682208776473999,0.03361961618065834,-0.038715824484825134,0.6040759086608887,-0.2049565315246582,0.871388852596283,0.02846737951040268,0.2512807548046112,0.3549586534500122,0.8032454252243042,1.0643833875656128,0.09941133111715317,0.07271603494882584,0.7615251541137695,0.9471953511238098,0
-0.05529295653104782,1.0731581449508667,1.1171799898147583,0.1748049408197403,-0.06583085656166077,0.32732146978378296,0.41698190569877625,0.9244001507759094,-0.0769808441400528,0.5154855847358704,0.9172027111053467,0.8484220504760742,-0.17797935009002686,0.12576471269130707,-0.1983301192522049,1
0.3029146194458008,-0.036929503083229065,1.1641186475753784,0.9857878088951111,0.15628789365291595,0.19502022862434387,1.210658311843872,0.23695577681064606,1.1485391855239868,1.1783517599105835,0.49173814058303833,0.8732454776763916,0.9234730005264282,0.7032514214515686,1.7160365581512451,1
0.15425220131874084,-0.5428187251091003,1.2889952659606934,0.6770997643470764,1.1996034383773804,0.9701938033103943,0.9144853353500366,1.140471339225769,0.5478852987289429,1.1252965927124023,0.8299916386604309,1.256727933883667,1.1643240451812744,1.5460615158081055,-0.73366779088974,1
-0.6379194855690002,-0.31768396496772766,0.4311467707157135,1.479496955871582,-0.44138777256011963,0.852401614189148,0.48254263401031494,0.8821678161621094,-0.6189071536064148,0.7481781244277954,1.1148836612701416,-0.30158671736717224,1.002974271774292,0.03983762860298157,1.298523187637329,0
-0.1890072375535965,-0.12127231061458588,0.17628979682922363,-0.3064754009246826,1.304211139678955,1.2883353233337402,0.518163800239563,-0.8884387016296387,-0.06696563959121704,-0.09349269419908524,-0.334537535905838,0.050891436636447906,-0.5820863842964172,0.9934403896331787,0.244873046875,0
-0.09177766740322113,1.1370081901550293,1.019080400466919,-0.07363719493150711,0.7784539461135864,0.9747220277786255,1.2762303352355957,-0.1032160148024559,1.2864139080047607,0.7146360278129578,0.411904513835907,1.0468957424163818,0.03049413487315178,-0.3980565667152405,0.17167702317237854,1
-0.2605058252811432,0.8477317094802856,1.0443787574768066,0.6299748420715332,1.3753201961517334,-0.07589211314916611,0.01919744908809662,-0.3073306381702423,-0.284233957529068,1.499068021774292,-0.1792326122522354,0.9471477270126343,-0.1522970348596573,-0.6784363985061646,0.30632102489471436,1
-0.2471592277288437,0.4630745053291321,-0.16158980131149292,-0.013347707688808441,1.1272971630096436,-0.0650404840707779,0.05697537586092949,1.0741522312164307,-0.22829066216945648,1.3178209066390991,1.0322436094284058,0.987009584903717,1.1720516681671143,0.549933671951294,1.1418769359588623,0
-0.030748480930924416,-0.003054787404835224,0.47219642996788025,1.1055163145065308,0.9950652718544006,0.7596996426582336,0.9262147545814514,-0.13013224303722382,1.1484055519104004,1.0713050365447998,1.0086852312088013,1.097374439239502,1.6593327522277832,1.340399980545044,0.22483888268470764,1
-0.21599824726581573,1.1771013736724854,-0.183541402220726,1.0423146486282349,0.29016149044036865,0.8848731517791748,1.4190577268600464,-0.20505943894386292,0.1095045730471611,0.621626079082489,0.8125624656677246,-0.24536849558353424,1.0805959701538086,0.007975385524332523,1.3592904806137085,0
0.21449650824069977,0.43842005729675293,1.231524109840393,-0.526058554649353,-0.08793830871582031,0.325318306684494,0.7486716508865356,-0.07597700506448746,0.9888448715209961,0.5630882978439331,-0.18099907040596008,1.0718283653259277,-0.13250643014907837,0.08300532400608063,0.9894927144050598,1
-0.4298771917819977,1.0888197422027588,0.9767825603485107,1.1169053316116333,0.8108487725257874,0.19034303724765778,-0.20162352919578552,0.10692968964576721,-0.037164412438869476,-0.447255939245224,0.7545053958892822,1.1215031147003174,0.5720878839492798,1.3734673261642456,-0.11473940312862396,1
-0.17862668633460999,-0.3374173641204834,0.026339460164308548,1.24019455909729,0.3172839283943176,0.9733611345291138,1.0753662586212158,0.27039214968681335,1.1458464860916138,0.48162642121315,1.4705499410629272,1.3830265998840332,-0.1618560254573822,0.4688033163547516,0.9271885752677917,0
0.08657173067331314,1.111439824104309,1.3782747983932495,1.2860969305038452,-0.1884058564901352,0.18539375066757202,1.03048837184906,0.9177384376525879,0.9008527994155884,-0.32076331973075867,0.1351844221353531,1.5009031295776367,-0.15902499854564667,1.1667441129684448,0.8022739887237549,1
0.1599089652299881,0.04849114641547203,1.1521843671798706,1.3870353698730469,0.4861259460449219,1.06505286693573,0.01493055373430252,-0.11668351292610168,0.651665985584259,0.59467613697052,1.057983160018921,0.14641696214675903,-0.4364253580570221,0.27201831340789795,0.720173180103302,1
0.30093681812286377,0.9544965028762817,-0.503790557384491,1.119877576828003,1.0803877115249634,0.6807021498680115,-0.12261500209569931,0.8902372717857361,0.9595892429351807,0.7078807950019836,1.0127149820327759,1.0540415048599243,-0.23209494352340698,0.8251489996910095,0.8576927185058594,0
0.11250921338796616,0.31155329942703247,-0.3184135854244232,-0.06827814131975174,0.7790080308914185,-0.3015866279602051,1.145918846130371,0.2827272117137909,0.7653108835220337,1.098045825958252,0.7661601901054382,1.1424648761749268,0.09027063846588135,0.9419538378715515,0.1307847797870636,0
-0.15092822909355164,0.7448992133140564,0.10180623084306717,-0.10771455615758896,0.22651554644107819,0.9048038125038147,1.1668450832366943,-0.42445722222328186,0.608527421951294,-0.08593372255563736,0.2498127818107605,1.1798629760742188,1.1189852952957153,0.7216498851776123,0.6702761650085449,0
0.5642605423927307,1.1723521947860718,0.5947905778884888,0.9741066694259644,1.336689829826355,-0.5713595747947693,1.5631210803985596,0.17705897986888885,0.9567133188247681,1.1616137027740479,1.1705873012542725,0.19176189601421356,0.6255489587783813,1.0165492296218872,-0.24815763533115387,1
-0.6167983412742615,-0.03252997621893883,1.349886417388916,1.0933027267456055,-0.20378349721431732,0.8541210889816284,1.0769524574279785,0.039010535925626755,1.332701325416565,0.06530933082103729,0.7156229615211487,0.867260217666626,-0.21559911966323853,0.21975654363632202,0.18866147100925446,1
-0.063792385160923,1.242496371269226,0.8250704407691956,0.7550877332687378,0.6978977918624878,0.46755048632621765,1.1297553777694702,0.07956057786941528,1.293136477470398,0.8450906872749329,-0.08198411762714386,-0.336993008852005,1.1968014240264893,-0.46668118238449097,0.9701883792877197,1
0.36070725321769714,0.824945867061615,0.5794512629508972,0.5652405023574829,1.2402513027191162,1.1066621541976929,0.878321647644043,1.2835848331451416,0.10728996992111206,-0.1412043422460556,0.8574534058570862,-0.000945327861700207,-0.031057415530085564,0.21087761223316193,-0.07612655311822891,1
0.06652729213237762,1.152132511138916,0.9543059468269348,0.16093868017196655,0.900604248046875,-0.02374213933944702,0.8943251371383667,-0.06651107966899872,-0.34431931376457214,1.2122372388839722,0.6654198169708252,0.9398301839828491,0.026380646973848343,0.9273024797439575,0.638023316860199,1
-0.1813061535358429,-0.048109013587236404,0.8474185466766357,1.1396863460540771,0.4206385016441345,-0.12541089951992035,0.4858490526676178,0.03853846713900566,1.1640292406082153,-0.3394002318382263,-0.04121261462569237,0.6099402904510498,0.8008986711502075,0.13487695157527924,0.19521403312683105,1
-0.7008647918701172,-0.2460070103406906,0.4246080219745636,0.6616856455802917,0.438383549451828,0.7686374187469482,1.0470105409622192,1.1051098108291626,0.9579350352287292,0.9496237635612488,0.7770617604255676,0.000279495696304366,0.6335184574127197,0.19520151615142822,0.9885814785957336,1
-0.3305455446243286,1.101914405822754,-0.30250170826911926,-0.618747889995575,-0.365780234336853,-0.2980140149593353,-0.3668596148490906,-0.19691859185695648,1.2291642427444458,0.17739637196063995,0.7393295764923096,0.6048412322998047,0.19059403240680695,0.46766605973243713,0.5023733973503113,0
-0.13340125977993011,1.3141717910766602,-0.16772910952568054,-0.044256243854761124,0.4173794686794281,1.7486090660095215,1.0609124898910522,1.2509478330612183,0.8587501645088196,0.9096129536628723,1.0339221954345703,0.10103098303079605,-0.15003947913646698,-0.04790692776441574,0.988936722278595,0
0.021383805200457573,-0.20204806327819824,0.5271745324134827,1.183554768562317,-0.3823888897895813,0.08133833855390549,-0.290947824716568,-0.2008177638053894,1.1397972106933594,0.07119034975767136,1.3477959632873535,0.210077702999115,0.7284256219863892,0.8893929719924927,1.1147911548614502,0
0.4441062808036804,0.2490682601928711,0.7116637825965881,1.5839577913284302,0.5673402547836304,0.1673329472541809,-0.017742009833455086,0.9621071219444275,0.4126494526863098,1.0568912029266357,0.8660728931427002,-0.1738731563091278,-0.1777549684047699,0.513048529624939,0.8910195231437683,1
0.05342997610569,-0.001925431308336556,1.3254116773605347,1.6726986169815063,0.8275095820426941,-0.24734337627887726,1.263199806213379,0.5997663140296936,-0.14851117134094238,-0.1851104348897934,0.9418262243270874,1.0650122165679932,0.2843587398529053,0.9788580536842346,-0.3853948414325714,1
0.6920185685157776,-0.23231248557567596,1.4429430961608887,-0.11985376477241516,0.7934496998786926,-0.19042646884918213,0.907594621181488,0.2823432683944702,0.3021431267261505,0.30288398265838623,-0.05077117681503296,0.9201241731643677,0.7468242049217224,-0.2044229656457901,-0.24106475710868835,1
-0.1632068157196045,0.5096945762634277,0.22620679438114166,1.2336031198501587,0.37948107719421387,0.30898258090019226,1.1506476402282715,0.8359339833259583,-0.7820677757263184,0.8528416752815247,0.2086496204137802,-0.15239587426185608,0.9315916299819946,1.078132152557373,-0.49672752618789673,0
-0.06116120144724846,0.5537506341934204,0.8536686897277832,1.2794830799102783,0.9050425291061401,-0.010965006425976753,0.5395914316177368,0.10171331465244293,1.0237722396850586,0.0669620931148529,0.09727012366056442,-0.870116114616394,-0.05858554691076279,0.8606993556022644,0.5581373572349548,1
-0.25692012906074524,1.0464187860488892,0.9232090711593628,-0.20147116482257843,1.237131118774414,1.5490435361862183,-0.5282984375953674,1.3999346494674683,1.4344451427459717,-0.47021639347076416,-0.501018226146698,0.5011409521102905,-0.23069749772548676,0.8787965178489685,1.1186286211013794,1
0.2352541983127594,-0.1762196123600006,0.3299342393875122,0.18992498517036438,1.0196348428726196,-0.07778282463550568,0.6792917847633362,0.8099974393844604,0.639196515083313,-0.27118271589279175,1.0438423156738281,-0.18112729489803314,1.1673362255096436,-0.2789381444454193,0.8673835396766663,1
-0.007810345385223627,-0.06102745980024338,0.7136740684509277,-0.32877761125564575,-0.13853862881660461,-0.08943994343280792,-0.025029150769114494,1.3802233934402466,1.3120876550674438,1.0895500183105469,1.0192253589630127,-0.005404879804700613,0.45488908886909485,0.1891702115535736,0.3748086988925934,1
-0.2291540503501892,1.1910924911499023,-0.304627925157547,0.6987485885620117,-0.0311031062155962,0.14924751222133636,0.4929298460483551,1.324415683746338,-0.2970047891139984,0.9577314257621765,-0.1205802857875824,0.1368810087442398,0.8079774379730225,-0.16042785346508026,0.1930534690618515,0
0.578345537185669,-0.05338028445839882,1.2770863771438599,1.4528675079345703,0.8690609335899353,0.24368861317634583,0.4814414083957672,1.3753191232681274,1.343881607055664,1.3062487840652466,0.16852286458015442,1.0987389087677002,0.35843172669410706,1.3672385215759277,1.2945181131362915,1
0.3068513870239258,0.2212740033864975,1.542083501815796,1.1622569561004639,0.7709553837776184,0.22377221286296844,0.02259870059788227,0.9761288166046143,0.31633907556533813,-0.1763986498117447,1.0218572616577148,0.6443490386009216,0.27468404173851013,0.09770528227090836,1.4196369647979736,1
-0.48353666067123413,1.1008987426757812,1.065653681755066,-0.20129181444644928,0.5483677983283997,0.2919711172580719,1.1589269638061523,0.8418774604797363,0.9009681940078735,0.14998303353786469,0.6888542175292969,-0.050424735993146896,0.9189025163650513,-0.10105054080486298,-0.26866698265075684,1
-0.05402214825153351,-0.32722145318984985,0.6840903759002686,-0.49638795852661133,0.1825428456068039,0.3437998592853546,1.2643508911132812,-0.6267363429069519,0.27026110887527466,0.5265361070632935,1.4068995714187622,-0.03409803286194801,-0.2370113730430603,0.5010316371917725,1.3131746053695679,1
-0.3793441355228424,1.175838828086853,0.34092459082603455,0.295269638299942,0.06776180863380432,0.7721109390258789,-0.25447145104408264,0.05531676858663559,0.5109482407569885,0.8333165049552917,0.05215417966246605,0.012346567586064339,0.6540693640708923,-0.17576076090335846,-0.1953602284193039,0
-0.42792385816574097,0.8618795275688171,-0.5147532820701599,0.7840614914894104,0.6197144389152527,0.5524058938026428,1.2417821884155273,0.6341486573219299,0.9760634303092957,1.2289292812347412,-0.32732537388801575,-0.05797087401151657,1.0099868774414062,1.4279792308807373,1.0713094472885132,0
0.07224001735448837,1.409165382385254,0.5848527550697327,0.7762123942375183,0.429062157869339,1.325955867767334,0.8002327084541321,0.925977349281311,0.2164054811000824,1.2013134956359863,-0.016133563593029976,1.026896595954895,0.6517004370689392,1.054982304573059,1.4034779071807861,1
-0.4132191836833954,0.9632582664489746,-0.13498586416244507,-0.22301627695560455,0.3108859956264496,0.8570926189422607,0.06044621393084526,-0.37628936767578125,0.6763487458229065,0.3817661702632904,0.32772096991539,1.1781786680221558,0.5368338823318481,1.1444894075393677,0.3949311673641205,0
0.2668663561344147,0.8430585265159607,1.2857602834701538,0.8307367563247681,-0.2854304611682892,0.19007042050361633,1.5087076425552368,1.1315478086471558,1.036838173866272,1.0826096534729004,1.4417089223861694,1.161305546760559,1.2598198652267456,0.8073986172676086,1.0908269882202148,1
-0.4547177851200104,1.0625942945480347,-0.23524165153503418,1.4688085317611694,1.2435836791992188,0.45178020000457764,-0.350276380777359,0.17815034091472626,-0.28821057081222534,0.1021467000246048,0.7828537225723267,0.6043595671653748,1.486525297164917,0.016229303553700447,0.9965993762016296,0
0.05594748631119728,0.9436199069023132,1.5862678289413452,1.2037663459777832,0.17755092680454254,0.013629622757434845,1.0489214658737183,-0.3598942458629608,0.591152548789978,0.7741726636886597,-0.07480627298355103,0.00941881351172924,1.480019450187683,1.1902917623519897,-0.49799415469169617,1
-0.863125741481781,-0.24880865216255188,0.9426016211509705,1.018743634223938,-0.3044666349887848,0.006676949094980955,0.25638848543167114,-0.19895365834236145,0.5794922113418579,0.8633231520652771,0.6922412514686584,1.2511403560638428,0.15746109187602997,0.10985293239355087,-0.0338638611137867,1
-0.18747997283935547,1.1027743816375732,1.0405091047286987,0.7169513702392578,1.1049617528915405,-0.2947824001312256,0.6199262142181396,-0.1567523330450058,0.8647408485412598,-0.04524800926446915,-0.030687380582094193,0.20156003534793854,0.7561253905296326,0.8059468269348145,-0.5224103331565857,1
-0.2756308913230896,-0.31057751178741455,0.2494850754737854,-0.30187463760375977,-0.30012786388397217,1.0934818983078003,0.3341144621372223,0.9259594678878784,0.13970501720905304,0.7424105405807495,1.0932763814926147,0.2547987401485443,-0.07313843816518784,0.041409559547901154,1.2976548671722412,0
-0.21710634231567383,-0.12153398245573044,-0.35015565156936646,-0.28250691294670105,0.52089524269104,0.05146322399377823,-0.027377242222428322,1.2163490056991577,0.38061434030532837,1.299669861793518,0.7670533657073975,1.247795581817627,0.9054908752441406,1.080701231956482,1.4996278285980225,0
-0.26456546783447266,0.9444969296455383,0.10448756814002991,-0.24905334413051605,0.9344630837440491,0.7973113656044006,0.19624146819114685,1.1825164556503296,0.15614035725593567,0.7531073093414307,0.305171400308609,0.650833249092102,0.7682083249092102,0.4099069833755493,0.04512256011366844,0
0.19464623928070068,1.2190449237823486,0.11980684846639633,0.47122901678085327,0.6159903407096863,0.02117982879281044,0.9845667481422424,1.2333554029464722,-0.30921658873558044,0.3303414583206177,0.9584953784942627,1.08778977394104,0.46905285120010376,0.7720955014228821,1.2063244581222534,0
-0.07613664865493774,0.0368243046104908,0.04993712157011032,1.2140865325927734,-0.5330409407615662,1.1540988683700562,0.6951533555984497,0.1913430243730545,0.9246594309806824,0.8928284645080566,0.7924862504005432,-0.5410528182983398,1.3135449886322021,1.1877400875091553,0.3370373547077179,0
0.22256530821323395,1.2304543256759644,0.23148398101329803,1.0365431308746338,0.742542028427124,-0.1862339824438095,0.37195727229118347,1.2414380311965942,0.8886999487876892,1.146113395690918,1.014277458190918,-0.38605996966362,0.22046393156051636,0.006927480921149254,0.9044943451881409,0
-0.587204098701477,1.0847722291946411,0.3717195391654968,-0.07763179391622543,0.3315871059894562,1.2405179738998413,1.3864158391952515,0.3531629741191864,-0.023647228255867958,1.4521310329437256,-0.1984701007604599,-0.13848640024662018,0.036645323038101196,0.772240400314331,1.4904824495315552,0
-0.20309045910835266,0.7300565838813782,1.171451210975647,0.8837387561798096,1.2167302370071411,-0.23927460610866547,0.15305237472057343,1.4098570346832275,0.3599400222301483,0.8390012979507446,0.14356406033039093,-0.4807499647140503,0.9074621200561523,0.28679364919662476,0.9219277501106262,1
-0.4331798255443573,0.13121795654296875,-0.35547298192977905,0.8330860733985901,1.296305775642395,0.1974763572216034,0.14042797684669495,1.0623060464859009,-0.15570448338985443,-0.11131954938173294,-0.27105289697647095,0.3342761993408203,1.3332523107528687,0.42969828844070435,0.26673468947410583,0
-0.45293334126472473,1.0878115892410278,0.895329475402832,-0.10135240107774734,0.950661301612854,-0.04232902079820633,-0.005984836257994175,0.03908812999725342,-0.20776422321796417,-0.31249570846557617,1.0180801153182983,0.0716184601187706,0.09652148932218552,1.3258646726608276,0.5476616621017456,1
0.32110655307769775,0.12761551141738892,-0.11614781618118286,-0.034966956824064255,0.13305418193340302,0.7372288703918457,0.25673753023147583,0.8938909769058228,0.5965819954872131,-0.20598462224006653,0.8463270664215088,0.39933085441589355,-0.501034677028656,0.2001054733991623,-0.6615556478500366,0
-0.20883290469646454,1.6223201751708984,0.7643541693687439,-0.47364863753318787,0.5124498009681702,1.3825633525848389,0.8656715750694275,0.20780576765537262,0.13927492499351501,1.1222319602966309,0.19175316393375397,0.39651432633399963,0.24103471636772156,0.1896391659975052,1.4868875741958618,1
0.5754810571670532,0.34718379378318787,1.0417300462722778,0.5534578561782837,-0.055069953203201294,-0.8640586733818054,0.28670597076416016,-0.22786186635494232,-0.040463317185640335,-0.17271976172924042,0.13363014161586761,0.7775029540061951,1.316173791885376,0.29374897480010986,-0.48811089992523193,1
0.017444461584091187,0.20213764905929565,1.1227326393127441,-0.1588953584432602,1.0956990718841553,0.23552745580673218,0.6472992300987244,0.6053757071495056,1.7016501426696777,0.9226140975952148,0.10537326335906982,0.49695128202438354,0.2217932641506195,0.0878983810544014,0.26814004778862,1
0.27887818217277527,1.4582109451293945,1.4504663944244385,-0.39902186393737793,0.5525597333908081,-0.19393867254257202,-0.4925495982170105,1.124075174331665,-0.27521419525146484,1.0608421564102173,0.33059775829315186,-0.22935611009597778,0.5310584306716919,1.4228957891464233,1.194185495376587,1
0.3764937222003937,-0.3993839621543884,-0.043003957718610764,0.11291640996932983,0.35028284788131714,0.807822048664093,0.7083725333213806,-0.15465088188648224,0.21185070276260376,1.515918493270874,0.08243526518344879,0.41016489267349243,0.3775131106376648,1.1931626796722412,0.6411442756652832,0
-0.30358922481536865,1.2861443758010864,1.0297598838806152,-0.1472775936126709,0.34490013122558594,0.009359801188111305,0.0777696967124939,0.14166788756847382,0.9584473371505737,0.08196404576301575,0.6675142645835876,0.7098334431648254,-0.15302255749702454,0.4437204599380493,0.7342634797096252,1
0.1011209785938263,1.0941544771194458,0.14280365407466888,0.09010594338178635,-0.10776607692241669,0.13381703197956085,0.19428135454654694,-0.057102832943201065,1.2894132137298584,-0.214285209774971,0.008292650803923607,0.027326436713337898,-0.19528213143348694,0.15566593408584595,0.5312795639038086,0
-0.23261892795562744,0.6239999532699585,0.9228814840316772,1.360990047454834,0.41533857583999634,0.6477339863777161,0.4125877022743225,0.8091188669204712,0.9404059052467346,1.595442771911621,1.2572154998779297,-0.3478105068206787,0.3870750665664673,0.929652750492096,1.2126208543777466,1
-0.1533251851797104,0.7845969200134277,1.0411521196365356,0.3300052583217621,0.5481678247451782,0.10078991949558258,-0.20316559076309204,-0.06995044648647308,1.6856955289840698,-0.37541675567626953,0.9287016987800598,0.9422270059585571,0.21259310841560364,0.7726597189903259,0.8652713298797607,1
-0.1635209172964096,-0.12756048142910004,1.4721426963806152,0.7822191715240479,1.1347564458847046,1.0052053928375244,-0.13344626128673553,1.3091957569122314,1.3665552139282227,1.1377805471420288,0.3463931679725647,-0.33847862482070923,-0.13846734166145325,-0.39187002182006836,1.2234305143356323,1
0.6005478501319885,-0.15513159334659576,1.0671002864837646,0.7717075943946838,0.9271703958511353,-0.32251957058906555,1.0170704126358032,-0.11915445327758789,-0.19968706369400024,1.0825198888778687,1.156843900680542,0.08098608255386353,0.33390727639198303,1.3533201217651367,0.8719800710678101,1
0.35205554962158203,1.1564829349517822,0.783486545085907,0.8776374459266663,-0.31205740571022034,1.2174769639968872,1.0054320096969604,0.9849432110786438,-0.7327315211296082,-0.4630542993545532,1.1798862218856812,1.4910643100738525,0.1748909205198288,-0.15120063722133636,1.566491723060608,1
0.2572038769721985,1.143114447593689,0.2218015491962433,1.4048417806625366,0.9072679877281189,-0.3544185757637024,-0.06722914427518845,0.09745780378580093,0.4758036136627197,-0.14367984235286713,-0.10670928657054901,-0.17093324661254883,0.4103134870529175,0.34784772992134094,1.0575730800628662,0
-0.1964111328125,0.37404564023017883,-0.35345757007598877,1.8127349615097046,-0.3443302512168884,-0.265575110912323,1.0202986001968384,-0.10267436504364014,1.1974945068359375,1.1115344762802124,0.8610177040100098,1.1902446746826172,1.4148668050765991,-0.15386962890625,-0.1424003541469574,0
-0.274186372756958,-0.2856280207633972,0.4094716012477875,0.858564019203186,0.040222663432359695,0.8041846752166748,1.0931518077850342,-0.31979700922966003,0.6104418635368347,1.2814620733261108,1.2928404808044434,0.28579723834991455,0.570560872554779,0.10779618471860886,0.039119526743888855,0
-0.5845891237258911,0.0207863487303257,0.5967050790786743,0.5294733047485352,1.3198906183242798,1.0906362533569336,-0.33870983123779297,0.8735828995704651,0.9855633974075317,-0.10310123860836029,0.9855822920799255,0.03537344932556152,0.40731632709503174,0.632721483707428,0.8189429640769958,1
-0.27098262310028076,-0.022614147514104843,-0.13600662350654602,0.8804327249526978,1.0438753366470337,0.810304582118988,-0.4148481488227844,0.3981686532497406,1.4065313339233398,-0.2019360065460205,1.1534359455108643,-0.33663585782051086,0.6823146939277649,0.12763458490371704,-0.1674678921699524,0
-0.16820009052753448,1.3174346685409546,1.3049986362457275,1.2001841068267822,0.2394440621137619,0.7263869047164917,0.9006223082542419,0.8248221278190613,-0.05171321704983711,0.9229472875595093,0.12807688117027283,0.8697707653045654,0.8724902868270874,-0.7823312282562256,1.465211272239685,1
-0.1300351619720459,0.8538293838500977,-0.2815477252006531,0.810573935508728,-0.24011942744255066,0.05966741591691971,-0.13800747692584991,0.05939222872257233,1.135385513305664,-0.007886802777647972,1.4386115074157715,0.28691795468330383,0.9905362129211426,0.6819109320640564,0.9937294721603394,0
-0.442790150642395,-0.3034727871417999,1.078813910484314,0.11121007800102234,0.784290611743927,0.9717142581939697,1.1783087253570557,0.943595826625824,-0.14088618755340576,0.8637484312057495,-0.009813536889851093,0.7805293202400208,0.07379648834466934,1.2090409994125366,0.8621644377708435,1
0.06426353007555008,0.2505587041378021,-0.0950951874256134,0.5269656181335449,0.15966203808784485,0.7813786864280701,0.7814911007881165,0.30114659667015076,-0.48307350277900696,0.12244527041912079,0.9493726491928101,0.9411524534225464,-0.6134722232818604,0.4643802344799042,-0.24461719393730164,0
0.32157066464424133,1.0323396921157837,0.799760639667511,0.3393888473510742,1.1318235397338867,1.0338724851608276,0.7950687408447266,0.3267925977706909,-0.2597871720790863,0.929985523223877,0.8718364238739014,0.4843737781047821,-0.2867833375930786,0.33023208379745483,0.5451174974441528,1
-0.5321229100227356,0.8291627168655396,1.1034077405929565,0.09991755336523056,1.0060944557189941,0.7370076775550842,1.1867834329605103,0.45969006419181824,-0.2818485498428345,-0.3187927305698395,0.44455692172050476,-0.28392937779426575,1.3350417613983154,1.2872780561447144,0.25910308957099915,1
-0.47895950078964233,0.2249259203672409,0.54227614402771,0.42917048931121826,1.1208996772766113,1.0523635149002075,0.5536909103393555,1.0207659006118774,0.9710836410522461,1.106378436088562,0.771775484085083,-0.27323460578918457,-0.5232436656951904,0.2673300504684448,0.7806676626205444,1
0.045180268585681915,0.8942731618881226,1.016645908355713,0.9884899854660034,1.365936517715454,-0.2790530323982239,0.9774919152259827,0.7440298795700073,1.2008862495422363,-0.023745466023683548,-0.32365882396698,-0.08639006316661835,0.12182152271270752,0.8617275953292847,0.15212808549404144,1
-0.1942615807056427,0.7398979067802429,1.0108062028884888,0.1110115796327591,1.0553359985351562,0.6215259432792664,1.1636793613433838,-0.1018676906824112,0.4314741790294647,0.052672091871500015,0.02009163424372673,-0.010315665043890476,1.7474849224090576,-0.18494465947151184,-0.12751908600330353,1
-0.07005928456783295,0.04998693987727165,-0.3552870452404022,-0.32748016715049744,1.1571472883224487,0.9120122790336609,1.1453408002853394,1.3117477893829346,1.2416795492172241,0.9030453562736511,1.043488621711731,0.4446808695793152,-0.11543282866477966,1.246950626373291,0.04027394950389862,0
-0.05765863507986069,0.797865629196167,0.4570765793323517,-0.13967876136302948,0.8056178689002991,-0.06410971283912659,0.9703476428985596,0.02898697927594185,0.48937541246414185,1.2424702644348145,1.3279790878295898,1.2001885175704956,0.03550969064235687,1.0678399801254272,-0.26909029483795166,0
-0.2473844438791275,-0.1639246791601181,0.5385856628417969,0.6040531992912292,1.0866351127624512,0.0025095129385590553,-0.03627977892756462,-0.27107465267181396,1.0392593145370483,0.2584018111228943,1.2315278053283691,0.6178171038627625,0.434362530708313,0.5427272915840149,-0.5822751522064209,0
-0.5386701822280884,0.9921954870223999,1.1515709161758423,-0.08993104100227356,0.9163655042648315,0.9324610829353333,0.32536837458610535,0.4881382882595062,0.39095938205718994,-0.38750919699668884,1.1529686450958252,1.0778831243515015,-0.42512646317481995,-0.5069268345832825,0.586847186088562,1
0.363847017288208,1.1193933486938477,0.310607373714447,0.6498033404350281,0.669636070728302,-0.10283247381448746,-0.331293523311615,1.3220373392105103,1.2876851558685303,1.4037706851959229,0.06674323230981827,0.3230535686016083,1.1125012636184692,0.10609273612499237,0.7502045631408691,0
0.8098433017730713,0.3806217610836029,1.2243351936340332,-0.03800969570875168,-0.10174635052680969,0.11702129244804382,-0.33457037806510925,1.0643969774246216,-0.11523207277059555,0.2983820140361786,-0.14308887720108032,-0.22062663733959198,0.2001493126153946,1.21587336063385,1.27783203125,1
0.4392998218536377,1.215768575668335,0.7738025188446045,0.7640019059181213,-0.4115228056907654,0.7595025300979614,0.2782800495624542,1.6452640295028687,1.157582402229309,1.0547994375228882,0.21832209825515747,1.046097993850708,0.20107759535312653,0.9242815971374512,0.020203180611133575,1
0.27862033247947693,0.04866437986493111,0.8494895696640015,0.3967220187187195,-0.15572814643383026,0.3467159867286682,-0.1845075488090515,-0.30142301321029663,0.07131335884332657,0.06404947489500046,0.3935382664203644,-0.000984178390353918,-0.2590349614620209,0.10161470621824265,1.3761818408966064,1
-0.1629326492547989,0.7168437242507935,0.9878644943237305,1.2135274410247803,0.9672784805297852,0.33033472299575806,1.1041463613510132,-0.04615478962659836,0.9752089977264404,-0.2807908356189728,0.27357569336891174,0.052190665155649185,-0.02232559397816658,-0.4213930666446686,-0.16802848875522614,1
0.10294722765684128,1.1205837726593018,-0.175871342420578,1.2053977251052856,1.0416737794876099,0.8445062637329102,-0.04321136698126793,0.13260047137737274,-0.34146082401275635,0.33061036467552185,0.6356860995292664,0.06056831404566765,1.2073509693145752,0.233132466673851,1.4128612279891968,0
-0.3083269000053406,0.12759797275066376,1.097888469696045,1.100279450416565,-0.25531744956970215,-0.22672304511070251,-0.14351995289325714,1.0837546586990356,0.8894878625869751,-0.2847384214401245,0.17702627182006836,1.0701637268066406,0.8372325897216797,1.1464827060699463,0.96507728099823,1
0.008434915915131569,0.8502663969993591,0.03881554305553436,0.3660045862197876,-0.5589997172355652,-0.05685775727033615,-0.12779377400875092,0.9114916920661926,0.9847971796989441,0.849564790725708,0.6961108446121216,-0.5372968316078186,1.1112357378005981,-0.5126456618309021,1.0543831586837769,0
-0.16014721989631653,0.7286390662193298,-0.05123866721987724,0.28580883145332336,-0.3555968701839447,0.7768471240997314,-0.24972940981388092,1.226799726486206,0.035136058926582336,1.103722095489502,0.7034412622451782,1.1563334465026855,0.8228558301925659,0.3948022723197937,0.3684524595737457,0
0.7947924733161926,-0.2871277332305908,1.2538379430770874,0.18300257623195648,0.4970448911190033,-0.2943542003631592,1.143645167350769,0.47320449352264404,0.4784281551837921,0.23836879432201385,1.172386884689331,0.1623232066631317,0.5107228755950928,0.010791814886033535,-0.035729553550481796,1
-0.6586938500404358,0.9847357869148254,-0.20656943321228027,1.2206761837005615,0.00782072264701128,-0.2677888572216034,0.3154439330101013,1.3920406103134155,-0.09554093331098557,0.19679775834083557,0.9023308157920837,-0.1024182066321373,0.011399071663618088,0.6340701580047607,-0.24798822402954102,0
-0.11926427483558655,0.8857811093330383,0.5454117655754089,1.201327919960022,-0.21440866589546204,1.0882736444473267,1.5779669284820557,-0.22097301483154297,0.9543019533157349,0.13146500289440155,0.10681162029504776,0.27704334259033203,0.04732808098196983,0.9925063848495483,0.13433685898780823,0
0.2921070456504822,1.5794967412948608,1.386847734451294,1.39396071434021,1.2680846452713013,-0.33210283517837524,0.9549093246459961,0.7187686562538147,0.029471106827259064,1.018467664718628,0.8824969530105591,0.5112115740776062,0.9421065449714661,0.9634427428245544,0.8697730302810669,1
0.47022736072540283,0.06145046651363373,0.5792415738105774,-0.011269439943134785,-0.24894870817661285,0.9810455441474915,1.264467716217041,0.782970666885376,0.6164252161979675,-0.12018850445747375,0.4243009090423584,0.778942346572876,1.4105643033981323,0.8000067472457886,0.7202433347702026,0
0.501373827457428,0.5976887345314026,0.9749590158462524,0.726349949836731,0.02635102905333042,0.7724600434303284,1.195426344871521,-0.3170134723186493,-0.35462746024131775,1.1977368593215942,1.0924928188323975,0.23364749550819397,1.3035902976989746,-0.14609366655349731,0.23341141641139984,1
-0.012721610255539417,1.5680527687072754,1.4042978286743164,0.1053658202290535,1.0090810060501099,-0.44218751788139343,-0.22790294885635376,0.7831730842590332,1.1330223083496094,0.13782072067260742,0.3566839396953583,0.9210361242294312,0.05616573616862297,0.06059333682060242,1.4047566652297974,1
-0.13045628368854523,-0.24772390723228455,0.9722235798835754,1.08164644241333,0.06863734871149063,0.06043482944369316,0.8371787071228027,-0.2114354968070984,1.07513427734375,0.5810908675193787,0.15306338667869568,-0.24225419759750366,-0.0741313025355339,-0.37112730741500854,-0.032322682440280914,1
-0.4581742286682129,-0.09890808165073395,0.894106388092041,1.2829457521438599,0.8435735702514648,-0.02963930368423462,-0.05897274985909462,1.6612138748168945,0.9871145486831665,0.3027644157409668,0.018007850274443626,0.5549293160438538,0.7250564098358154,0.8598183989524841,-0.30242690443992615,1
0.23102521896362305,-0.22366604208946228,0.9519038200378418,-0.29535987973213196,0.45818090438842773,1.231890082359314,1.3149571418762207,-0.1616383045911789,0.11141818016767502,0.48603540658950806,0.5219988822937012,0.22552677989006042,-0.16384179890155792,0.24250535666942596,0.38280001282691956,1
0.6780688166618347,1.0986194610595703,1.1572003364562988,1.0093735456466675,-0.575979471206665,0.45204079151153564,0.12201441824436188,1.0043803453445435,0.7266616821289062,0.5863231420516968,1.2246501445770264,1.4663172960281372,0.05557306483387947,0.5186532139778137,0.8824431896209717,1
0.04038136079907417,0.5276434421539307,0.8396897315979004,0.8809593319892883,1.1531052589416504,0.8117465376853943,0.7133843302726746,0.11532986164093018,0.9462757706642151,1.2329199314117432,0.38468223810195923,0.04785328730940819,0.9313739538192749,0.8796825408935547,0.806040346622467,1
-0.10423164069652557,0.019896548241376877,-0.4721180498600006,-0.30298006534576416,1.410035252571106,0.17921112477779388,1.3055715560913086,0.579150915145874,-0.08196266740560532,0.14045074582099915,-0.2020549476146698,1.3626739978790283,0.7866785526275635,0.7802566885948181,0.7097242474555969,0
0.005869573447853327,0.22785574197769165,-0.1800418645143509,0.23508812487125397,0.9408672451972961,1.1319462060928345,1.0926848649978638,0.4863014817237854,0.5522121787071228,-0.20951154828071594,0.07075430452823639,0.16602523624897003,0.8853988647460938,0.15294933319091797,-0.5849200487136841,0
-0.4167481064796448,0.7176055312156677,1.671618938446045,0.014779708348214626,1.0350614786148071,1.0409419536590576,-0.2638079524040222,0.8644229769706726,1.1645961999893188,0.6610580086708069,-0.019497500732541084,0.6157513856887817,0.9667840600013733,0.04171533137559891,0.729091465473175,1
-0.059016089886426926,0.9295594692230225,-0.04056623950600624,0.9606651663780212,0.9631558060646057,0.32781150937080383,1.0039883852005005,-0.09310188889503479,0.11446007341146469,-0.16122232377529144,0.11114666610956192,1.209592580795288,-0.06797986477613449,1.233659267425537,-0.23621150851249695,0
-0.5666064620018005,0.028894301503896713,-0.0694664940237999,0.8944368362426758,0.09801063686609268,-0.2897353172302246,0.5028486847877502,0.897026777267456,0.031336501240730286,-0.01099578756839037,1.0606776475906372,0.05700242891907692,0.1216910108923912,0.714408278465271,-0.34502771496772766,0
0.41252052783966064,-0.14730316400527954,-0.01359937246888876,-0.4958341121673584,0.9916133284568787,0.7384352087974548,0.16048718988895416,1.3130195140838623,0.530246913433075,0.8221481442451477,0.7958016991615295,-0.39818713068962097,0.6302016973495483,0.12786594033241272,-0.21533066034317017,0
-1.0505887269973755,0.14987562596797943,-0.22285999357700348,0.9474565982818604,0.26359274983406067,0.6591871976852417,0.6469407081604004,-0.03163530305027962,-0.2160835862159729,-0.11777106672525406,-0.0928456261754036,-0.05654820054769516,-0.23337960243225098,0.6522197127342224,0.8399115800857544,0
-0.28709861636161804,0.7772143483161926,1.141179084777832,0.04091430827975273,1.180673360824585,-0.17478559911251068,-0.48826369643211365,0.22843946516513824,1.1054341793060303,-0.13066105544567108,0.7826444506645203,0.2193099409341812,0.285307914018631,0.044635988771915436,0.1817397177219391,1
-0.00828828476369381,-0.9024473428726196,0.9095465540885925,0.20650674402713776,-0.1998227834701538,1.1236448287963867,-0.09007631987333298,-0.2892146706581116,0.7745837569236755,-0.21426299214363098,0.802655816078186,-0.5607622861862183,0.20946991443634033,0.6293364763259888,1.5410771369934082,1
-0.03572249412536621,-0.10582563281059265,-0.4624333381652832,0.26560279726982117,0.04097234085202217,-0.07956775277853012,0.6803440451622009,-0.22368676960468292,0.9019489288330078,0.5764672756195068,1.3298084735870361,0.8000811338424683,1.0501770973205566,0.17861491441726685,-0.5498573184013367,0
0.042916156351566315,0.8327265381813049,0.059865374118089676,0.44479355216026306,0.5640920996665955,0.1254820078611374,-0.2508244216442108,1.0810965299606323,1.07033109664917,0.3454212248325348,-0.10720701515674591,0.8561307787895203,-0.17349493503570557,0.07305797934532166,-0.1804402470588684,0
0.46031320095062256,-0.09515567123889923,-0.4345557987689972,-0.41130053997039795,0.9749553799629211,-0.4340132176876068,1.3143465518951416,0.00428127171471715,1.1008176803588867,1.2644002437591553,0.6951421499252319,0.45270100235939026,0.22327303886413574,0.4809231460094452,0.07335247844457626,0
0.2688543200492859,-0.09444074332714081,1.2434767484664917,1.006042718887329,0.7380779385566711,-0.2800154387950897,1.1846938133239746,0.005012604873627424,1.1661744117736816,1.3039137125015259,0.25862982869148254,0.9364570379257202,0.9874911904335022,-0.004086689557880163,0.8744586110115051,1
-0.7047644853591919,-0.6411765217781067,0.265807569026947,1.2765746116638184,1.1093662977218628,1.0648460388183594,-0.04614323377609253,1.41823148727417,1.5671372413635254,0.8424173593521118,-0.12323413789272308,0.05299392715096474,-0.6810320615768433,1.3786886930465698,-0.020131142809987068,0
-0.0773405209183693,-0.1620042473077774,0.21604883670806885,1.4561716318130493,0.9479785561561584,-0.2381131798028946,0.6870054006576538,-0.16264571249485016,1.0749913454055786,-0.15606412291526794,0.7631899118423462,0.6243370771408081,-0.19698572158813477,-0.2004808783531189,-0.0402040034532547,0
0.05751989781856537,0.6887932419776917,0.7469293475151062,0.1392420083284378,-0.4037717282772064,0.5351818203926086,1.2636812925338745,0.8584890365600586,0.7848393321037292,-0.08907921612262726,-0.07245609909296036,1.1905744075775146,0.844245433807373,0.7995761632919312,-0.08937714993953705,1
-0.254256933927536,1.002214789390564,0.029342452064156532,-0.3327438533306122,1.3353233337402344,-0.29415297508239746,0.731224775314331,0.1799064725637436,-0.20851396024227142,-0.3407983183860779,0.2981792390346527,1.3528096675872803,1.317082405090332,0.2686304748058319,0.5411931276321411,0
0.13363565504550934,1.297508955001831,0.4424457252025604,-0.13686421513557434,0.18599827587604523,0.6652078032493591,1.3087800741195679,0.22392557561397552,1.1344449520111084,1.041825771331787,1.0203534364700317,1.0716279745101929,-0.2726700007915497,-0.232333242893219,-0.05848422273993492,1
-0.12275534868240356,0.9601247906684875,1.2781906127929688,1.5180723667144775,0.06682146340608597,1.1861695051193237,-0.10299015045166016,1.1513707637786865,-1.0580494403839111,-0.019516337662935257,1.1130272150039673,0.922227680683136,1.2964457273483276,-0.04582468792796135,0.8774069547653198,1
-0.3967127203941345,1.410440444946289,0.9620409607887268,1.3253802061080933,0.9282922744750977,0.287736713886261,1.0615044832229614,0.7637380957603455,0.01593320071697235,0.7072108387947083,0.9132928252220154,-0.1324281096458435,0.9969627261161804,1.120245337486267,1.0201811790466309,1
0.007269952446222305,-0.08638572692871094,-0.25396493077278137,0.06468270719051361,0.2525063157081604,1.485960841178894,-0.3311695456504822,0.21354973316192627,0.9058581590652466,0.7645362615585327,1.5238958597183228,1.0952484607696533,1.3929842710494995,1.066464900970459,0.9058507084846497,0
-0.28729352355003357,0.20972228050231934,0.9532402753829956,0.8200991749763489,1.0230333805084229,1.8046839237213135,-0.43410637974739075,0.8045573234558105,1.048672080039978,1.22551691532135,0.3354126214981079,-0.30991119146347046,0.04487010836601257,-0.02466709166765213,1.4675990343093872,1
0.370976060628891,0.762470006942749,0.4247475564479828,1.2176707983016968,0.6176541447639465,-0.601639449596405,1.129203200340271,1.1139655113220215,0.5610148310661316,0.6959364414215088,0.8226972222328186,1.0995920896530151,1.2492482662200928,0.6605992913246155,0.9594882726669312,1
0.2027246654033661,0.5740527510643005,1.3493109941482544,0.9316056966781616,1.0254064798355103,-0.02112923189997673,1.1043158769607544,0.8474305868148804,0.8209962248802185,-0.11926096677780151,0.2625354528427124,0.10772185027599335,-0.44700154662132263,-0.5770633816719055,-0.41336214542388916,1
0.03895675018429756,0.9293341636657715,-0.13795556128025055,-0.09977103024721146,1.1354570388793945,1.145589828491211,0.7815613150596619,1.053666114807129,0.924238383769989,0.922592282295227,0.2080076038837433,1.2733253240585327,-0.3964800536632538,0.41264230012893677,0.8148766756057739,0
-0.19826167821884155,0.20478689670562744,1.2528035640716553,0.29075273871421814,1.2492742538452148,0.9369219541549683,0.09149982035160065,1.3203938007354736,0.31607773900032043,-0.38561394810676575,1.0558348894119263,1.3393995761871338,-0.30639585852622986,0.6994449496269226,0.7984560132026672,1
0.18834488093852997,1.2206631898880005,0.3120444118976593,1.265906810760498,0.10592702031135559,0.9536281228065491,-0.034717537462711334,-0.21552953124046326,0.2690317928791046,0.25600525736808777,-0.21840721368789673,0.4241887331008911,0.9756639003753662,-0.0685797706246376,0.7155553698539734,0
-0.41778701543807983,0.5690101385116577,1.0779011249542236,-0.06463055312633514,0.9846524000167847,0.7223307490348816,0.8291970491409302,1.345462441444397,0.5116024017333984,1.2752718925476074,0.16739030182361603,1.5197246074676514,0.03905070573091507,1.098989486694336,0.96531081199646,1
-0.11455568671226501,0.77995765209198,0.017617173492908478,0.9713491797447205,1.3767274618148804,1.022371768951416,-0.2893936336040497,-0.13189011812210083,-0.042574089020490646,1.2531745433807373,0.08228249102830887,-0.31657731533050537,-0.16356512904167175,1.1684662103652954,0.5195404887199402,0
-0.4436153769493103,0.7556373476982117,1.1489932537078857,0.8670079112052917,1.1550772190093994,0.8654506802558899,0.21788924932479858,0.9532955288887024,1.060901403427124,0.12205367535352707,-0.2103690654039383,1.2225666046142578,0.9456206560134888,0.4543227553367615,-0.24519097805023193,1
0.09524321556091309,0.20203909277915955,0.9562550187110901,1.4986027479171753,1.2327805757522583,0.3520303964614868,-0.5245527029037476,1.068849802017212,0.06442072242498398,-0.45342493057250977,0.9164956212043762,1.507836937904358,1.3410934209823608,0.08856839686632156,-0.11058901250362396,1
-0.2391950786113739,0.7698851227760315,0.7345321774482727,-0.3662801682949066,-0.07190175354480743,-0.15463265776634216,1.2356945276260376,1.3185880184173584,0.16297340393066406,0.33303701877593994,0.32158440351486206,0.8579421639442444,0.9380550384521484,1.2048324346542358,-0.060901448130607605,1
-0.06777367740869522,1.5444735288619995,1.8168487548828125,1.2411950826644897,1.1920326948165894,0.694889485836029,0.9227879643440247,-0.15415121614933014,0.06243059039115906,-0.13951325416564941,-0.1908586025238037,1.0283994674682617,0.0642407014966011,0.0894457995891571,0.8549704551696777,1
0.10417488217353821,0.471638023853302,-0.0859362781047821,1.261970043182373,-0.13640287518501282,-0.0077621303498744965,1.2047406435012817,1.1888272762298584,0.48600175976753235,-0.18349690735340118,1.4435006380081177,0.44951602816581726,0.3609979450702667,0.10534878075122833,-0.44557416439056396,0
-0.4832732379436493,1.1991328001022339,0.7862619757652283,0.5774274468421936,0.9699663519859314,0.47942104935646057,0.7220727801322937,0.8567226529121399,1.198852300643921,1.8347111940383911,-0.6181105375289917,-0.049821484833955765,1.1038273572921753,-0.5405657887458801,1.2874234914779663,1
0.3358517587184906,0.10055353492498398,0.32677555084228516,1.3958828449249268,0.8308878540992737,1.3867404460906982,0.363088995218277,0.4539446234703064,1.3030645847320557,1.0182865858078003,-0.685984194278717,-0.1701948046684265,0.16361761093139648,0.8052015900611877,-0.8308447003364563,0
0.019376982003450394,0.18254207074642181,0.6199334859848022,1.573231816291809,1.2134885787963867,0.6208257079124451,0.8939701914787292,0.9980146288871765,1.0801289081573486,-0.00013596985081676394,0.3729132413864136,1.0956449508666992,0.40531089901924133,1.0491745471954346,0.09250318259000778,1
-0.27428075671195984,-0.2511286437511444,1.560610055923462,-0.23412087559700012,0.02658415026962757,0.497505247592926,1.0725558996200562,1.276833176612854,0.2903989851474762,0.8568583130836487,0.11982037127017975,-0.11070267111063004,-0.3655115067958832,0.04512004926800728,1.0249576568603516,1
0.0664549320936203,0.0001395654835505411,0.8047729730606079,0.18625031411647797,-0.08734557032585144,0.8128588199615479,1.2597246170043945,0.6350528597831726,0.08948615938425064,-0.3657474219799042,-0.046812545508146286,1.333582878112793,1.073612093925476,0.21952593326568604,0.8802036643028259,1
0.21919651329517365,0.7667980790138245,-0.3255082964897156,1.238232135772705,0.028922246769070625,0.1794145405292511,1.1241573095321655,1.148183822631836,-0.29366734623908997,0.05796216055750847,1.143091082572937,0.397329717874527,-0.3733975291252136,0.6715864539146423,-0.12682026624679565,0
0.2744927406311035,0.03324160724878311,-0.19784602522850037,0.05878675356507301,1.2396421432495117,0.07661882042884827,1.2351242303848267,-0.42769375443458557,0.40363091230392456,1.3535493612289429,-0.34791505336761475,-0.2416137009859085,0.2742219567298889,0.15936128795146942,0.27916938066482544,0
-0.25296714901924133,-0.2952439486980438,1.2419713735580444,-0.09622757136821747,1.1356234550476074,1.4804638624191284,1.2725334167480469,1.143899917602539,0.14935171604156494,1.0128905773162842,0.4201141595840454,1.2216033935546875,-0.3212834298610687,1.0909029245376587,1.2665470838546753,1
0.1149667426943779,-0.13369327783584595,0.9845790863037109,-0.46015235781669617,-0.3057873249053955,-0.21337370574474335,1.2555601596832275,1.5383470058441162,0.11297164112329483,0.8044848442077637,0.5168551206588745,0.7826856374740601,-0.034157365560531616,-0.13824276626110077,-0.5061915516853333,1
0.30172407627105713,0.89235919713974,-0.08062595874071121,0.936129629611969,0.9817414283752441,0.1351483315229416,1.4285962581634521,-0.32167840003967285,0.9602392911911011,0.8989244103431702,-0.046362318098545074,0.7180190682411194,0.5823766589164734,1.054958701133728,0.39349210262298584,0
-0.08156443387269974,0.6750362515449524,1.5425513982772827,-0.0822431817650795,0.7806196212768555,1.0416259765625,-0.05811028182506561,-0.19328339397907257,-0.026713956147432327,0.4057595729827881,0.04609857499599457,0.2059118151664734,-0.08524446189403534,1.2995359897613525,0.012284789234399796,1
0.2660273313522339,1.0655391216278076,0.5080220699310303,0.6210811138153076,-0.11770393699407578,0.27732473611831665,1.2979756593704224,1.3669968843460083,-0.36681580543518066,-0.18891103565692902,-0.5729896426200867,1.112405776977539,-0.0915619432926178,1.218117594718933,0.21121102571487427,1
-0.32463034987449646,0.9270802140235901,-0.17988766729831696,1.278478741645813,0.39652302861213684,0.9218180775642395,0.9868240356445312,0.037978049367666245,1.3160552978515625,1.0570311546325684,1.605008840560913,0.052974358201026917,1.0393856763839722,-0.5369836688041687,0.4742926359176636,0
0.4232427179813385,1.2106856107711792,-0.26251471042633057,0.3005792796611786,0.8908306956291199,1.1982280015945435,1.1777832508087158,0.6206690073013306,1.2791121006011963,0.20084239542484283,0.6242266297340393,0.8576136827468872,1.270595908164978,-0.4214378595352173,1.083246111869812,0
-0.22717513144016266,1.4202721118927002,1.1836302280426025,1.5199562311172485,0.21185950934886932,1.326469898223877,0.4633614122867584,-0.01571095734834671,1.1708027124404907,0.5461703538894653,0.6203077435493469,1.3276475667953491,1.219051718711853,0.5890491604804993,-0.20578619837760925,1
-0.5393569469451904,0.15106584131717682,0.3861595690250397,-0.5402644872665405,0.1870461404323578,1.059852123260498,1.1863832473754883,-0.1062193512916565,-0.014516991563141346,-0.284978985786438,0.8950162529945374,0.5693789124488831,0.940599262714386,1.0911988019943237,0.4085504114627838,1
0.6011899709701538,0.9186655879020691,0.6943007707595825,1.1493998765945435,0.42022547125816345,-0.34092041850090027,0.22283203899860382,0.773772120475769,1.0665583610534668,1.2290301322937012,0.9073991775512695,0.062050577253103256,0.2176423966884613,-0.0026163680013269186,0.12874042987823486,1
0.2028641402721405,1.5658812522888184,0.4681766927242279,0.46158453822135925,0.5272122025489807,0.14368225634098053,1.1402112245559692,1.4182958602905273,1.1304377317428589,1.3511027097702026,0.28857287764549255,0.00569907296448946,0.11158619821071625,0.6794443726539612,0.8868250846862793,0
-0.13735248148441315,-0.20453470945358276,1.043682336807251,-0.11859641969203949,1.3233858346939087,0.292148232460022,0.7207320332527161,0.47743722796440125,-0.7372757792472839,0.32648539543151855,0.24063144624233246,0.920529305934906,0.6062536835670471,-0.06433993577957153,0.06138771399855614,1
0.3446359932422638,0.1270669847726822,-0.035067275166511536,1.0592418909072876,0.49988824129104614,0.6570064425468445,-0.25904911756515503,-0.17065447568893433,1.2317614555358887,0.9284407496452332,0.9620900750160217,0.622001588344574,0.060003723949193954,0.8710715174674988,1.1607165336608887,0
0.21072301268577576,0.9963081479072571,0.5135290622711182,0.7807230353355408,0.3945188522338867,-0.2777692675590515,1.2614421844482422,-0.3044428527355194,-0.02925238013267517,0.0733855813741684,0.6715924739837646,0.8446723222732544,0.11466280370950699,1.0723575353622437,-0.45909789204597473,1
-0.28531399369239807,1.3851401805877686,1.1190394163131714,0.3034871816635132,0.5705212354660034,-0.08807361871004105,1.609085202217102,1.106998085975647,-0.14350220561027527,0.7053813934326172,0.6353005766868591,-0.3352864980697632,0.2403009831905365,1.263430118560791,1.277530312538147,1
-0.1625078171491623,0.9486755728721619,0.9725991487503052,0.9408503174781799,-0.14007803797721863,0.6938585638999939,1.129245638847351,0.8915640115737915,-0.022826941683888435,0.2241666615009308,0.18741004168987274,0.15875940024852753,-0.13175244629383087,1.1331191062927246,0.05491657927632332,1
-0.23422788083553314,1.3370485305786133,1.087035059928894,-0.3624853491783142,-0.5002378821372986,1.8304208517074585,1.0369247198104858,0.3300311267375946,0.4301879405975342,-0.11222058534622192,0.44100233912467957,0.23106907308101654,1.2039682865142822,0.8603140115737915,-0.13167709112167358,1
0.40071606636047363,0.21359491348266602,0.6375739574432373,-0.32217279076576233,1.4647915363311768,1.0628560781478882,0.8406232595443726,-0.033691320568323135,1.530848503112793,0.6030760407447815,-0.08921398967504501,1.333924651145935,-0.07178276777267456,-0.08020752668380737,-0.012198652140796185,1
0.35851845145225525,0.05381441488862038,-0.7766172289848328,0.025016577914357185,0.4261114001274109,0.11964020133018494,1.2028449773788452,0.22511640191078186,-0.04833082854747772,0.3936971426010132,1.3289296627044678,0.09530194103717804,0.9639149308204651,1.064758062362671,-0.09603919088840485,0
0.09652981907129288,-0.10922682285308838,0.3098433315753937,0.3435807526111603,-0.13001872599124908,0.8671575784683228,0.7913692593574524,0.8251636028289795,0.20102831721305847,-0.599729061126709,-0.12886731326580048,0.9863274097442627,1.249531865119934,0.6278085112571716,-0.19723466038703918,0
0.2179209440946579,0.1522006243467331,1.1382505893707275,1.3121403455734253,-0.30355849862098694,0.09341970831155777,0.6934985518455505,0.6664074063301086,-0.07276574522256851,-0.10712245106697083,0.8740759491920471,0.08323930948972702,0.4543890357017517,-0.43753159046173096,0.8141353726387024,1
0.7059239149093628,1.280597448348999,0.9923191666603088,0.7222293019294739,1.1809746026992798,0.19738779962062836,0.2012663632631302,-0.25856104493141174,-0.06647466868162155,0.5533939599990845,1.261753797531128,-0.31557929515838623,0.18707405030727386,1.1784015893936157,1.4093952178955078,1
-0.17308402061462402,0.8814294338226318,0.6164951920509338,0.31053000688552856,-0.3594396114349365,-0.38235291838645935,0.9525464773178101,0.87250816822052,1.0142619609832764,-0.14756502211093903,0.10364688187837601,-0.1288493275642395,1.583056926727295,0.4015366733074188,0.5309509634971619,1
-0.12265405803918839,-0.15919698774814606,0.0170440711081028,1.1354995965957642,1.16690194606781,1.2855998277664185,-0.10295991599559784,1.0508534908294678,0.2030273675918579,1.132372498512268,-0.7152750492095947,0.2210896909236908,-0.06750964373350143,1.1313855648040771,0.6812186241149902,0
-0.31826841831207275,1.0397754907608032,1.30368173122406,0.9851022958755493,1.4489033222198486,1.227329969406128,0.14263206720352173,1.063190221786499,1.1391363143920898,0.8322041630744934,0.16719381511211395,0.27476367354393005,0.21135635673999786,0.7925980687141418,0.9832959175109863,1
-0.06857871264219284,-0.09224414080381393,1.0029727220535278,0.28441229462623596,0.904575526714325,0.03594912216067314,0.11515458673238754,0.4389745891094208,1.024371862411499,0.4303225874900818,1.2194827795028687,0.6302127242088318,1.2198845148086548,1.0229644775390625,1.3273777961730957,1
-0.39328840374946594,1.5627647638320923,0.6550081968307495,-0.21740877628326416,-0.04425894469022751,0.7827020883560181,0.09318991750478745,-0.2369946390390396,0.07485399395227432,-0.7701533436775208,0.8076279163360596,-0.6054133176803589,0.28838419914245605,1.2548750638961792,0.1893693208694458,1
-0.11017318814992905,0.0691283792257309,0.2407679706811905,1.343809723854065,0.9543886184692383,1.0887455940246582,1.1008849143981934,-0.24897360801696777,-0.02230452559888363,0.06883460283279419,0.7004627585411072,-0.0802326649427414,-0.30973300337791443,-0.42987942695617676,0.9996755719184875,0
-0.07768605649471283,1.4510427713394165,0.7037747502326965,0.4135960638523102,0.15281182527542114,0.9794022440910339,0.7203721404075623,1.2147163152694702,0.9494845271110535,0.059668056666851044,0.8393933176994324,-0.03906775638461113,0.7760737538337708,0.3877321481704712,1.462373971939087,1
0.06923741847276688,1.1053024530410767,1.3796765804290771,0.7630314230918884,0.8600699305534363,-0.08821986615657806,-0.19615836441516876,0.8314533233642578,1.3890851736068726,1.5190255641937256,1.2757337093353271,0.25650179386138916,-0.1417638212442398,0.0373036228120327,-0.018148032948374748,1
0.6370808482170105,1.0977237224578857,0.19370904564857483,1.430983066558838,-0.5931316614151001,0.3567826747894287,-0.48829466104507446,0.36392703652381897,1.208733320236206,0.852537989616394,0.269032746553421,0.16130904853343964,-0.1727861911058426,0.3126063644886017,1.211442232131958,0
-0.18074998259544373,0.46721211075782776,0.6042796969413757,1.1077837944030762,0.8003689050674438,0.028539549559354782,0.9594892859458923,0.2703777551651001,0.533458411693573,0.08916031569242477,-0.17135721445083618,-0.03022894635796547,0.3731920123100281,-0.04125549644231796,0.027052707970142365,1
0.2485942244529724,-0.004238741472363472,0.9329697489738464,1.1074615716934204,-0.041605934500694275,0.11505570262670517,1.1423519849777222,-0.29273301362991333,0.37590283155441284,0.07095210999250412,0.7152083516120911,-0.36536112427711487,0.3223321735858917,0.3743589222431183,0.9340245127677917,1
-0.33725422620773315,-0.15645892918109894,-0.527023196220398,1.2462997436523438,0.26284316182136536,1.3876382112503052,0.9541149139404297,0.21328288316726685,0.07139164954423904,-0.20324201881885529,1.0503450632095337,1.0482397079467773,-0.43720191717147827,-0.2963615655899048,-0.138290137052536,0
-0.022834191098809242,0.8248948454856873,1.0969938039779663,0.7800116539001465,1.0934972763061523,-0.5800095796585083,0.9970505833625793,0.6432119011878967,-0.11838133633136749,0.05010524392127991,1.6184331178665161,0.9944863319396973,-0.5177823901176453,-0.3653497099876404,-0.18239693343639374,1
0.1485230028629303,0.7313791513442993,-0.246026873588562,-0.5333433151245117,1.0234359502792358,0.23479868471622467,0.5860024094581604,0.9541758894920349,0.7547751665115356,-0.022803636267781258,0.0673476830124855,1.1169508695602417,-0.22823618352413177,1.5081576108932495,0.20831993222236633,0
-0.6932826638221741,0.7185102105140686,-0.5706779956817627,0.7315770387649536,-0.5475714206695557,-0.17011411488056183,-0.2231273055076599,1.131705641746521,0.8368832468986511,1.099236011505127,1.1631604433059692,0.8530234694480896,-0.42133787274360657,0.457363486289978,-0.17968498170375824,0
0.03429118171334267,-0.3868914246559143,0.2868696451187134,0.649034857749939,0.9556772708892822,-0.19474788010120392,1.401747703552246,0.4969277083873749,1.4938911199569702,1.2152899503707886,0.6163457036018372,0.9921028017997742,0.9029041528701782,0.668294370174408,0.16370975971221924,0
-0.064948670566082,-0.1582808941602707,1.2693843841552734,0.36910974979400635,1.0423238277435303,-0.19626295566558838,0.21735645830631256,0.5687567591667175,0.17205968499183655,1.2198408842086792,1.0115575790405273,0.09697876870632172,0.03932591900229454,-0.36770984530448914,0.7686845064163208,1
-0.2605210542678833,1.204779863357544,1.4341424703598022,-0.33549800515174866,-0.17059610784053802,0.23889519274234772,-0.13222262263298035,-0.1894965022802353,0.6921548843383789,-0.0434999018907547,0.9476773738861084,0.5192463994026184,-0.7186258435249329,-0.11083588749170303,0.9603532552719116,1
0.24599364399909973,0.5267986059188843,0.0816773846745491,1.4552949666976929,0.5859059691429138,-0.3205832540988922,0.6591524481773376,0.9901193976402283,0.6235674023628235,0.5594679713249207,1.2885712385177612,1.257914662361145,0.5912266969680786,0.9039450287818909,0.03215167671442032,0
-0.31504547595977783,0.9337950944900513,0.8188385367393494,1.251724123954773,-0.19146107137203217,1.1866099834442139,0.4660038352012634,0.8318571448326111,1.032145619392395,0.07008850574493408,-0.19520491361618042,0.3941585421562195,1.0907819271087646,-0.07859522849321365,0.8302090167999268,1
-0.2679014503955841,1.1357091665267944,1.1462823152542114,0.8119275569915771,1.1953222751617432,0.6324790716171265,0.8168360590934753,1.0298190116882324,-0.015019482932984829,0.6323888897895813,-0.23752954602241516,-0.0068906634114682674,1.160998821258545,0.32811152935028076,0.12146255373954773,1
0.11544753611087799,0.06451158970594406,0.5074024796485901,1.2258285284042358,1.3855541944503784,0.735764741897583,-0.3270176351070404,0.6360884308815002,-0.06970538198947906,0.6493081450462341,-0.09456184506416321,0.48236018419265747,1.6082022190093994,0.003260245081037283,0.728138267993927,1
-0.33050021529197693,-0.03755921497941017,-0.08413483202457428,-0.26839378476142883,1.2907449007034302,1.1828945875167847,0.8410836458206177,-0.2738000154495239,1.228170394897461,0.8871464729309082,0.4329206049442291,1.4032551050186157,0.42920994758605957,0.07304412126541138,1.3625390529632568,0
-0.04571404308080673,0.018498428165912628,-0.1716085970401764,0.05288964509963989,-0.13279114663600922,1.2630221843719482,0.25553229451179504,-0.23362919688224792,0.5593172311782837,0.47404298186302185,-0.08373522758483887,0.25883716344833374,0.6543933153152466,1.1802746057510376,0.07301504164934158,0
-0.4005645215511322,0.5157349705696106,0.1135488897562027,1.205654501914978,-0.14082442224025726,1.4087409973144531,0.14948225021362305,1.0351753234863281,-0.11176171153783798,0.5112902522087097,1.3734859228134155,0.2438156008720398,0.06447863578796387,0.801933765411377,1.266981601715088,0
0.682968020439148,1.213384747505188,1.42293381690979,1.3356175422668457,1.0400500297546387,1.3298287391662598,1.350865125656128,0.08765222132205963,0.10402659326791763,0.3020796477794647,1.11649489402771,0.37143999338150024,0.1753879338502884,0.6809748411178589,0.07016485184431076,1
0.2684566378593445,-0.17573925852775574,0.3479432761669159,1.1359626054763794,1.281146764755249,-0.2963624596595764,1.2140147686004639,-0.623151421546936,0.8665208220481873,1.3610641956329346,1.303855538368225,0.14484241604804993,1.1424145698547363,-0.021981749683618546,1.3163995742797852,0
0.42679375410079956,0.028685376048088074,1.3178551197052002,0.06447646021842957,1.4170169830322266,-0.07234256714582443,0.5681677460670471,-0.2923658490180969,-0.5025214552879333,0.37517502903938293,-0.3825824558734894,1.1623519659042358,0.7932137250900269,0.6735705137252808,0.13063549995422363,1
-0.7219032049179077,1.0734028816223145,0.41157644987106323,0.7318089008331299,-0.04934170842170715,1.5031874179840088,1.5506963729858398,-0.14968228340148926,-0.024754086509346962,0.26671892404556274,0.7706834077835083,0.9378712773323059,0.15504737198352814,0.7154672145843506,-0.03910648450255394,0
-0.06780105829238892,0.15251524746418,0.921308696269989,0.13185353577136993,-0.25041741132736206,1.0814558267593384,0.8985752463340759,0.38469722867012024,0.4211035370826721,0.19768822193145752,1.2495970726013184,-0.02655784599483013,0.7942320704460144,0.2883346676826477,-0.35921019315719604,1
-0.23991484940052032,0.21455629169940948,-0.03769652917981148,0.1711178570985794,0.31682050228118896,-0.13626380264759064,0.9718272686004639,0.9494303464889526,1.2047126293182373,-0.0720144510269165,-0.462578684091568,0.21750792860984802,0.534777045249939,0.8327792882919312,1.219797968864441,0
0.45625394582748413,-0.08987485617399216,0.7886279821395874,1.0557920932769775,1.3205901384353638,0.10654383152723312,-0.13557828962802887,-0.5126371383666992,0.6974889039993286,0.6942164301872253,0.406639963388443,1.1670361757278442,0.1868552267551422,0.0003460371808614582,0.7111286520957947,1
0.09663800150156021,0.26380062103271484,0.11018165200948715,-0.4189838767051697,0.09705068171024323,0.9193341135978699,0.20927800238132477,0.21985721588134766,-0.19211457669734955,1.0109244585037231,1.0155863761901855,0.8836625814437866,1.4646612405776978,1.0554792881011963,-0.12613318860530853,0
-0.14457114040851593,0.2822948694229126,0.8275631666183472,-0.11960567533969879,-0.10551422089338303,0.5865044593811035,-0.16110338270664215,0.14848797023296356,0.40335649251937866,0.19622166454792023,-0.37305521965026855,0.8675740361213684,0.16999590396881104,1.0222957134246826,-0.04625505954027176,1
-0.3772914409637451,-0.028469856828451157,0.6750043630599976,0.9209696650505066,0.15071193873882294,1.3795830011367798,0.5421394109725952,0.6626233458518982,0.36419254541397095,0.367962121963501,-0.2313356101512909,0.9048489928245544,-0.17130915820598602,-0.07937799394130707,0.8666767477989197,1
-0.08982085436582565,0.16465690732002258,1.2360905408859253,-0.045999374240636826,1.1885734796524048,0.7466935515403748,0.3040723204612732,0.06974492967128754,-0.22470463812351227,0.2547643184661865,1.5615272521972656,0.8370852470397949,-0.23393870890140533,0.2988449037075043,0.7898169159889221,1
-0.008369645103812218,0.9093444347381592,0.799214780330658,0.817477285861969,0.3030587136745453,0.4815693199634552,0.7491865754127502,1.0538029670715332,0.22233644127845764,1.2690268754959106,0.8684309720993042,1.2326115369796753,0.3700868487358093,-0.3513680100440979,0.5207353830337524,1
0.20723409950733185,-0.2232561856508255,-0.35553601384162903,1.1621049642562866,1.3219916820526123,1.1979858875274658,0.040832310914993286,0.13179966807365417,1.3621973991394043,1.0073907375335693,0.24693144857883453,0.006339802406728268,0.21224769949913025,0.0580558218061924,0.09639399498701096,0
0.1849362552165985,-0.16435402631759644,-0.03854192793369293,0.6786184310913086,1.3671443462371826,0.8736286163330078,0.61148601770401,0.10280235856771469,-0.062189359217882156,-0.47509339451789856,0.4022126793861389,1.5290641784667969,0.032769784331321716,0.221083402633667,-0.3019022047519684,0
0.16554635763168335,1.1281399726867676,-0.08669041842222214,0.9014716148376465,-0.06566529721021652,0.1897304803133011,-0.014845013618469238,-0.07150816917419434,1.4025607109069824,0.6360589861869812,1.456461787223816,0.7381325364112854,-0.5500184297561646,0.22161903977394104,0.05286723002791405,0
-0.0760665312409401,1.2069652080535889,0.18454070389270782,0.2393670380115509,0.4038347005844116,-0.17743244767189026,-0.20609156787395477,1.022799015045166,1.0458770990371704,0.08844003081321716,0.9770163893699646,1.0665582418441772,-0.05615198612213135,1.2875337600708008,-0.14035095274448395,0
0.4064375162124634,0.03795822709798813,0.34951481223106384,1.053868055343628,1.0301016569137573,-0.35436007380485535,-0.18808408081531525,1.1045869588851929,0.5500912070274353,1.44284188747406,0.22923800349235535,0.7558268904685974,0.3363473415374756,1.024101972579956,-0.39171838760375977,0
-0.11322001367807388,0.8146682977676392,1.2221128940582275,0.1670922338962555,0.5393742918968201,0.586785614490509,0.808904767036438,1.1719697713851929,1.7355692386627197,0.18926803767681122,0.03792444244027138,1.352831244468689,1.1078975200653076,0.42376405000686646,0.5376629829406738,1
0.030427847057580948,-0.4397450387477875,-0.11772234737873077,0.9036702513694763,1.361588954925537,0.07497841864824295,1.2018054723739624,0.16592034697532654,0.2046675831079483,1.1614177227020264,1.1482511758804321,-0.429427832365036,0.7297847867012024,0.8107908964157104,-0.4664170444011688,0
0.18259288370609283,-0.23619860410690308,0.4566648304462433,0.7004556655883789,0.8071590662002563,1.1354703903198242,-0.14716662466526031,0.07361985743045807,0.2908116281032562,0.13206049799919128,0.21681538224220276,0.854629397392273,1.443447232246399,1.0934330224990845,-0.05992621183395386,0
0.2036050260066986,1.2375874519348145,1.1806904077529907,0.9656892418861389,0.10085292905569077,0.7564337849617004,0.9862011671066284,1.044991374015808,0.871486485004425,0.46580150723457336,1.240174412727356,0.43395453691482544,0.8319686651229858,-0.2573401927947998,0.385896235704422,1
-0.016286728903651237,0.4348939061164856,1.2646608352661133,1.040261149406433,-0.20941053330898285,-0.2903522253036499,0.20050697028636932,1.238855242729187,1.126490592956543,0.10878147184848785,-0.1668412983417511,0.8759050369262695,0.5498635172843933,1.2571972608566284,1.0667474269866943,1
-0.3651929199695587,0.8386895656585693,0.20935851335525513,0.9235267639160156,1.175369381904602,0.9782366156578064,0.20007573068141937,1.4393972158432007,-0.08568321913480759,0.38005125522613525,1.0065549612045288,1.3454186916351318,0.33555924892425537,1.1318260431289673,0.006884888745844364,0
-0.17997321486473083,1.2645548582077026,-0.21986258029937744,1.1520541906356812,0.9350200891494751,-0.11791621893644333,1.1868706941604614,-0.11301813274621964,1.0509871244430542,1.2803120613098145,-0.5617184638977051,1.341247320175171,1.5886164903640747,-0.23921014368534088,-0.33300188183784485,0
0.18702398240566254,-0.22882124781608582,-0.040378037840127945,0.0073578087612986565,1.4587599039077759,-0.4431888461112976,1.684621810913086,1.1408345699310303,-0.1518295854330063,0.6894894242286682,1.663254976272583,1.4431707859039307,0.11310607939958572,0.4783373773097992,0.40138280391693115,0
0.33136463165283203,-0.29426488280296326,0.16665643453598022,0.11646115779876709,1.0146816968917847,0.59034264087677,0.2190643697977066,1.3209059238433838,-0.14018170535564423,0.6824626922607422,-0.11178244650363922,1.1213574409484863,1.016511082649231,1.5524818897247314,-0.2553122043609619,0
0.2618674039840698,-0.0697212889790535,0.3764767646789551,1.5094835758209229,0.47692328691482544,0.7823065519332886,0.84627366065979,-0.27352383732795715,1.6863516569137573,1.0553977489471436,-0.18881253898143768,0.2521337568759918,0.9738569855690002,0.2297748178243637,-0.002902172040194273,0
-0.09093862026929855,-0.19002529978752136,-0.368867963552475,-0.23294462263584137,0.7958598732948303,0.8350284099578857,1.4292807579040527,0.9861300587654114,1.0909788608551025,-0.21044890582561493,0.9891200661659241,0.955635666847229,1.043039083480835,1.3069264888763428,1.5322906970977783,0
0.5901134014129639,1.153226375579834,0.39698946475982666,0.7915170788764954,-0.0133353928104043,1.5834194421768188,-0.08354143053293228,1.2290681600570679,1.0283149480819702,-0.03677003085613251,0.04896671697497368,-0.18370866775512695,0.8057712316513062,0.8829144239425659,-0.568828821182251,0
-0.06413514167070389,0.9386157393455505,-0.3962409198284149,0.597773015499115,0.12845590710639954,-0.05784441903233528,1.3260383605957031,-0.3737293481826782,0.1661146730184555,0.7472988367080688,0.006500445306301117,1.2342110872268677,-0.711775541305542,-0.3887300491333008,1.2254093885421753,0
-0.2859540283679962,0.00706801563501358,0.6501946449279785,1.0343120098114014,0.42292487621307373,1.468249797821045,1.0002305507659912,0.279905766248703,1.1744061708450317,0.32172468304634094,-0.14662593603134155,0.21839185059070587,-0.10249441862106323,0.07602515071630478,0.9308184385299683,1
-0.3342891037464142,0.332537978887558,-0.03508465737104416,1.3206579685211182,0.931049644947052,1.2202494144439697,0.322645902633667,0.8382585644721985,1.361851453781128,0.13758541643619537,-0.0968049168586731,0.9977971315383911,1.4092234373092651,-0.30363455414772034,1.2665098905563354,0
0.6797391772270203,-0.029866443946957588,1.3778672218322754,0.7846454977989197,0.9696859121322632,-0.010697104968130589,0.5988709926605225,0.40523776412010193,-0.5478816032409668,-0.07612476497888565,0.5558962225914001,0.8345828056335449,-0.3155580759048462,-0.6797828078269958,-0.034195560961961746,1
-0.33529266715049744,0.05132653936743736,1.3450382947921753,-0.13950930535793304,-0.4348934292793274,0.9223387837409973,0.9328299760818481,-0.1243802085518837,-0.31672829389572144,0.6648398041725159,0.8391153812408447,1.2241387367248535,0.25271791219711304,-0.1645088791847229,1.2747914791107178,1
-0.05504593998193741,0.8647594451904297,0.33139100670814514,1.205480933189392,1.0916463136672974,0.8748921155929565,-0.16261179745197296,1.2039682865142822,1.393060564994812,0.6048359274864197,0.3123559355735779,-0.23277585208415985,-0.1662798374891281,0.9651579260826111,0.16280056536197662,0
-0.7645571231842041,1.025557279586792,0.9890461564064026,1.0196919441223145,0.15230199694633484,-0.36053305864334106,-0.7048380970954895,-0.1273474395275116,0.3412801921367645,1.3127630949020386,1.3754734992980957,1.5275144577026367,-0.19309182465076447,1.0747227668762207,0.2561229467391968,1
-0.5054600238800049,1.525757074356079,0.9710143804550171,0.4709794819355011,0.8997896313667297,0.020302217453718185,1.0873186588287354,0.07796882838010788,0.010356702841818333,0.7085689306259155,0.4723820388317108,-0.08706279844045639,-0.5539258122444153,-0.07157169282436371,1.2713749408721924,1
-0.22399123013019562,0.2324148267507553,0.028621695935726166,0.00448642810806632,1.9222999811172485,0.11090852320194244,1.474836826324463,-0.14361163973808289,0.2809668183326721,1.1497946977615356,0.06779897958040237,-0.03533795103430748,-0.6481244564056396,-0.36587098240852356,-0.2915966212749481,0
-0.1709180772304535,1.392930507659912,0.18465270102024078,-0.025653952732682228,-0.19421592354774475,0.20431341230869293,1.2029873132705688,1.2936360836029053,1.352786898612976,1.0753229856491089,0.9399214386940002,-0.5455467104911804,0.008710016496479511,0.8633455038070679,1.2140016555786133,0
-0.026420870795845985,-0.0556405745446682,1.0146675109863281,1.264354944229126,0.3516952097415924,1.034389853477478,-0.24972032010555267,1.2645859718322754,-0.02355656959116459,1.112871527671814,0.9860921502113342,-0.12666042149066925,-0.6858680844306946,0.6823024153709412,0.49809807538986206,1
0.24548785388469696,-0.2130981832742691,1.5922701358795166,1.1720480918884277,0.7960783839225769,0.889564037322998,1.010371446609497,0.0831901952624321,0.31226596236228943,1.0979870557785034,1.0372034311294556,1.2035446166992188,0.8392953276634216,-0.23563304543495178,1.0862557888031006,1
0.032882049679756165,0.3962406814098358,0.2108655571937561,0.7629302740097046,-0.4551173150539398,0.7679768204689026,0.3790944516658783,0.19562001526355743,0.7534871697425842,0.13510189950466156,1.2099339962005615,0.6310065984725952,0.9337854385375977,0.7101438045501709,0.4667743742465973,0
-0.3200278878211975,0.10862035304307938,1.2801302671432495,0.19966340065002441,1.205757737159729,-0.20968584716320038,0.3165980279445648,0.06894882768392563,-0.2577001750469208,0.35604777932167053,-0.47604861855506897,0.8625087738037109,0.24915552139282227,0.8309199213981628,0.09195214509963989,1
-0.37397176027297974,0.9232373833656311,1.0503100156784058,0.6230672597885132,0.23014892637729645,-0.373522013425827,0.8078624606132507,-0.2727188766002655,1.6268798112869263,1.3930015563964844,0.37412452697753906,1.1938098669052124,0.24208113551139832,0.02010169066488743,1.2205703258514404,1
-0.1708473563194275,0.44348931312561035,0.29969078302383423,-0.2352023720741272,0.7556205987930298,0.14226776361465454,-0.5680001378059387,-0.33008137345314026,1.0133806467056274,-0.3520585596561432,0.8188344240188599,-0.19622290134429932,-0.11747405678033829,0.0048477910459041595,0.5546255111694336,0
0.2440824955701828,-0.39462095499038696,-0.0015358604723587632,1.7502708435058594,0.9161012768745422,0.04988157004117966,-0.010722157545387745,1.2137008905410767,-0.6381866335868835,-0.09564898908138275,0.028977246955037117,-0.15048350393772125,0.40261420607566833,-0.12310443818569183,-0.479876846075058,0
-0.01491162646561861,1.0994454622268677,0.18189647793769836,0.6150746941566467,1.0124074220657349,0.29049813747406006,0.7908947467803955,-0.3681720495223999,0.05197940394282341,0.03377201780676842,0.2922348976135254,-0.17813344299793243,0.03499564155936241,0.46497124433517456,-0.20707464218139648,0
0.1328943967819214,0.09901683777570724,0.7607969045639038,0.150312140583992,-0.1636539101600647,-0.11869170516729355,-0.25805556774139404,-0.19107085466384888,1.117348074913025,-0.023850616067647934,0.4545697569847107,0.014680878259241581,0.42460426688194275,0.6097130179405212,0.40056124329566956,1
0.3642982840538025,0.6907899379730225,0.09398093074560165,0.5907176733016968,0.2355477660894394,0.36100178956985474,1.1687222719192505,1.2075157165527344,0.6821591258049011,1.2620997428894043,0.6416374444961548,0.8528937101364136,1.089105248451233,-0.2080354541540146,-0.036943886429071426,0
0.17985154688358307,0.11130688339471817,1.055700659751892,0.8093937039375305,0.8522660136222839,0.6776543259620667,0.7091503739356995,0.030469151213765144,-0.03648804500699043,-0.01859530806541443,0.9493283629417419,-0.14186051487922668,-0.04167550057172775,-0.30101248621940613,0.6544039249420166,1
0.3428727686405182,0.699279248714447,0.7990398406982422,1.0492210388183594,0.20743249356746674,1.232903242111206,0.6990452408790588,0.9320957064628601,-0.22241146862506866,0.4987766742706299,0.36865875124931335,0.4538043737411499,1.423303484916687,0.30649301409721375,1.332404375076294,1
0.013516082428395748,1.2331632375717163,1.0150794982910156,1.073125958442688,-0.08206211030483246,1.0636383295059204,0.735540509223938,1.085654854774475,0.48559924960136414,0.9447862505912781,0.7241959571838379,-0.25520825386047363,1.834017276763916,0.9798274636268616,0.9441094398498535,1
-0.20961174368858337,0.7234726548194885,0.2066393345594406,-0.038493119180202484,0.7250645756721497,-0.35544702410697937,-0.21280699968338013,-0.11408378928899765,1.3165026903152466,-0.011453751474618912,0.8878281712532043,0.23923183977603912,-0.18603435158729553,-0.24903085827827454,1.1238077878952026,0
-0.1249137595295906,1.5867505073547363,-0.3013935685157776,0.4181567430496216,0.07045245915651321,1.0584794282913208,0.8982445001602173,1.5728931427001953,0.8165435194969177,0.5291042327880859,1.0171535015106201,1.6629925966262817,-0.39187541604042053,1.1257681846618652,0.07810655981302261,0
-0.07821065932512283,0.8990504145622253,0.42402300238609314,0.07531516999006271,0.23518052697181702,0.06008653715252876,0.3077410161495209,-0.47622808814048767,0.8959101438522339,0.9072371125221252,-0.13466036319732666,1.0583277940750122,0.6800931692123413,0.41710221767425537,0.7544830441474915,1
0.0033720536157488823,1.0382516384124756,0.04947882518172264,0.1514674872159958,1.1742972135543823,0.7817718386650085,0.9770101308822632,-0.4171176850795746,0.8153601288795471,-0.02642648294568062,-0.5315858125686646,-0.1972193866968155,1.0886427164077759,-0.12097234278917313,0.16987809538841248,0
0.5245257616043091,0.7737551927566528,0.9668741822242737,0.04639515280723572,0.34596094489097595,-0.0059771048836410046,0.40084224939346313,-0.22940318286418915,0.8598226308822632,0.6338456869125366,0.015834417194128036,1.1191742420196533,0.06495547294616699,0.14497607946395874,0.9048426747322083,1
0.18972843885421753,0.33445605635643005,-0.293633371591568,1.0602155923843384,1.0504839420318604,-0.08493661880493164,1.4510776996612549,0.48949941992759705,-0.2788292467594147,-0.06558963656425476,0.908610463142395,1.0919033288955688,0.18320855498313904,0.7133005261421204,0.6842319369316101,0
-0.013986669480800629,-0.3669984042644501,0.07171010226011276,1.005180835723877,1.1531094312667847,-0.4584839642047882,0.14655111730098724,1.7104456424713135,1.271902084350586,0.19015447795391083,1.2459386587142944,1.1107535362243652,0.8870858550071716,1.0623706579208374,0.08285393565893173,0
0.024628818035125732,0.45439568161964417,1.314071774482727,0.28382012248039246,1.3772778511047363,0.29364752769470215,-0.18995285034179688,1.2477608919143677,0.13582342863082886,0.9672931432723999,0.3115677237510681,0.32236436009407043,0.6129556894302368,1.2181528806686401,1.0395469665527344,1
-0.5820994973182678,0.48185452818870544,-0.18799813091754913,1.3353623151779175,1.1887966394424438,0.7096524238586426,1.2981369495391846,0.17679141461849213,0.9609926342964172,-0.5707736611366272,1.4702703952789307,-0.06021230295300484,0.3300287425518036,0.23825275897979736,0.10300479084253311,0
-0.26160019636154175,-0.3713844418525696,1.1490651369094849,1.5913336277008057,-0.38759657740592957,0.9709731340408325,-0.0424911230802536,1.716243863105774,0.8357707858085632,0.7635683417320251,1.1575891971588135,-0.16034922003746033,-0.694457471370697,0.39914292097091675,1.1870267391204834,1
0.2772761881351471,0.3607791066169739,-0.20681458711624146,1.2116791009902954,1.1356488466262817,1.1118885278701782,0.7221925258636475,0.9447140097618103,-0.11326445639133453,1.2130534648895264,0.14540094137191772,0.17396105825901031,0.8713763952255249,0.14250615239143372,1.1293573379516602,0
-0.2635623812675476,0.18446825444698334,-0.15348032116889954,1.0011844635009766,0.06257711350917816,0.9775233268737793,-0.3472318649291992,-0.3992147743701935,0.6927353739738464,-0.27716708183288574,-0.06172837316989899,-0.7123453617095947,1.2569341659545898,1.0905282497406006,0.01622767373919487,0
0.003661894937977195,0.34049105644226074,0.8880428075790405,-0.030436361208558083,0.45525413751602173,0.08697337657213211,0.04445888102054596,0.7714939117431641,-0.19940881431102753,0.4794479012489319,0.7423460483551025,-0.469260036945343,0.8158727288246155,-0.4685741662979126,0.9474173784255981,1
-0.05868262052536011,0.23945295810699463,1.4409326314926147,-0.19378788769245148,0.8543423414230347,0.8660242557525635,1.3344838619232178,-0.12238527089357376,-0.4071516692638397,0.6321637630462646,0.7599923014640808,1.1247438192367554,1.6561912298202515,1.3010125160217285,1.002640724182129,1
0.42362457513809204,-0.20599330961704254,1.1446350812911987,0.9694139361381531,0.22877666354179382,0.39402854442596436,-0.45696207880973816,0.6063236594200134,0.44698700308799744,0.22755278646945953,0.6367385387420654,-0.3827019929885864,0.9606863260269165,0.6977307200431824,0.8916160464286804,1
-0.4001334011554718,-0.22806939482688904,0.21612592041492462,1.1144983768463135,0.2860460877418518,1.0517560243606567,1.0022062063217163,-0.09399178624153137,0.48651421070098877,0.10165198892354965,0.8115024566650391,0.3125082850456238,0.2027260810136795,1.3117849826812744,0.8490942120552063,0
0.4874700605869293,-0.2533988654613495,1.3371988534927368,0.6987282037734985,-0.6526741981506348,1.0281543731689453,0.5164800882339478,1.3665330410003662,0.23027507960796356,0.7576666474342346,-0.7154603600502014,0.6450248956680298,1.2996318340301514,0.033185478299856186,1.341107964515686,1
-0.29714319109916687,-0.46330440044403076,1.3228521347045898,1.1877250671386719,1.1072651147842407,0.8146354556083679,0.04993636533617973,0.8728434443473816,0.7309579849243164,1.291398525238037,-0.04888645187020302,-0.019865619018673897,0.2870854139328003,0.8257834315299988,1.133376955986023,1
-0.14300909638404846,0.6601206064224243,0.5613572597503662,0.23573754727840424,1.501654863357544,0.9305971264839172,-0.33253854513168335,0.1647506058216095,0.7919301986694336,-0.20651935040950775,0.06415572017431259,-0.23038403689861298,0.09474992752075195,-0.3676513433456421,-0.37769588828086853,0
0.36566388607025146,0.2771798372268677,0.2114667445421219,-0.4331245720386505,1.2448804378509521,0.10645665228366852,-0.04970791935920715,-0.6414656043052673,0.8616733551025391,-0.3192799389362335,-0.257443904876709,0.875373363494873,0.6985145211219788,0.062425397336483,-0.7469602227210999,0
-0.038643889129161835,-0.22348164021968842,0.13136132061481476,1.3019344806671143,0.40626659989356995,0.9530799388885498,0.9479930996894836,1.1143919229507446,0.9116884469985962,1.0906976461410522,-0.174064502120018,0.8426096439361572,1.1179850101470947,0.044494979083538055,1.5731106996536255,0
-0.2891656756401062,1.3496241569519043,0.025101924315094948,1.4309135675430298,0.023329293355345726,-0.49532872438430786,0.8012084364891052,-0.09297926723957062,0.12895305454730988,-0.735383152961731,0.3747464120388031,1.019792914390564,1.1138408184051514,0.15371829271316528,0.7536031603813171,0
0.26526421308517456,0.7860183119773865,1.103109359741211,1.3467704057693481,0.7787241339683533,0.18876737356185913,1.2589411735534668,-0.05927319824695587,0.06419530510902405,-0.002488225232809782,-0.0029336288571357727,-0.2515038549900055,-0.313906192779541,1.1672431230545044,1.1994117498397827,1
0.30836376547813416,-0.18092864751815796,0.8421165943145752,0.7186934351921082,0.48949652910232544,1.7376559972763062,1.1730433702468872,0.5473068356513977,0.6933293342590332,1.1175003051757812,0.011321600526571274,1.3400143384933472,0.9653719663619995,0.8158090114593506,1.2246044874191284,1
0.10055219382047653,-0.08543112128973007,-0.19607500731945038,1.0977866649627686,-0.17324575781822205,0.11849364638328552,1.142525315284729,0.12416566163301468,0.9745701551437378,0.35520774126052856,-0.17833849787712097,1.2907224893569946,0.12284780293703079,1.0670294761657715,-0.6057090163230896,0
-0.00760629354044795,1.094559669494629,-0.25048065185546875,0.7170034646987915,-0.31040385365486145,1.0684674978256226,0.5037688612937927,1.027007818222046,0.061959922313690186,0.8248478174209595,0.5598966479301453,-0.16758278012275696,0.5323087573051453,0.6597042679786682,1.061038851737976,0
-0.2054048478603363,-0.056622862815856934,0.2591114640235901,0.3796830475330353,1.1426743268966675,-0.09807285666465759,0.8670732378959656,1.6036518812179565,0.7824322581291199,1.1254361867904663,-0.49566182494163513,-0.4097186028957367,0.2597735822200775,-0.45976021885871887,1.0929237604141235,0
-0.2046806365251541,1.0989868640899658,-0.17875738441944122,0.7180304527282715,-0.09358344972133636,-0.08006995171308517,-0.5272899866104126,-0.09711438417434692,0.982752799987793,1.1679298877716064,-0.08492390066385269,0.20225223898887634,-0.18538127839565277,1.0868204832077026,0.8207137584686279,0
-0.38235437870025635,-0.04289111867547035,-0.38721194863319397,0.050712570548057556,-0.26712098717689514,0.12560196220874786,1.4631270170211792,0.5278814435005188,0.7891885638237,0.990619421005249,1.1156678199768066,-0.07393350452184677,0.5206223726272583,0.8764006495475769,1.067814588546753,0
-0.0616399347782135,-0.4163469076156616,-0.057170018553733826,-0.3131901025772095,0.39345094561576843,0.8945055603981018,0.9208691120147705,0.6898704767227173,1.038028597831726,1.1730351448059082,0.8055328726768494,0.0910995826125145,-0.3869714140892029,0.8532108068466187,0.11548489332199097,0
0.2804581820964813,-0.008328588679432869,0.49146533012390137,1.1855944395065308,-0.24655185639858246,0.07518524676561356,-0.1788758784532547,1.1742751598358154,-0.06756848841905594,0.15134914219379425,0.11377955973148346,0.7133614420890808,0.8094176054000854,-0.07145536690950394,0.3775252401828766,1
-0.029274361208081245,0.8531361222267151,0.0013652490451931953,0.43942102789878845,0.8879743814468384,0.2956515848636627,1.481615662574768,-0.011183690279722214,-0.24832536280155182,-0.12689638137817383,-0.15879052877426147,0.17246010899543762,-0.1483943611383438,0.29603394865989685,0.060882627964019775,0
-0.1921391487121582,1.2274439334869385,-0.004198590759187937,1.2159091234207153,-0.09811174124479294,0.2752903997898102,0.2830379903316498,0.6663265824317932,0.22611704468727112,1.2287089824676514,-0.4479104280471802,-0.5770900249481201,0.42961353063583374,0.1985800862312317,-0.22203949093818665,0
0.02011561393737793,1.26804518699646,1.3689912557601929,0.08305482566356659,0.7098156213760376,1.3369961977005005,0.6693122386932373,0.13807551562786102,0.9917683005332947,0.8516554832458496,-0.08621793985366821,0.38083675503730774,0.8592103123664856,0.013477614149451256,0.9835300445556641,1
0.024998104199767113,0.6332542300224304,0.9290591478347778,1.4814857244491577,0.17581957578659058,0.035039231181144714,0.9428897500038147,0.919552743434906,-0.022165559232234955,1.0741552114486694,0.1957365721464157,0.021193858236074448,1.0291715860366821,1.5122480392456055,1.0961436033248901,1
-0.35397574305534363,1.1489650011062622,-0.22831790149211884,1.0271788835525513,1.071743130683899,0.9039092659950256,1.0757720470428467,0.08234499394893646,0.796459972858429,-0.18134631216526031,0.7418259978294373,0.7144782543182373,0.08276864886283875,0.12397125363349915,0.9446108937263489,0
0.20179146528244019,0.9772718548774719,0.08682321757078171,0.6122316122055054,1.065216064453125,0.4917062520980835,1.5037401914596558,1.0500012636184692,-0.354008287191391,0.3519400656223297,0.1998739093542099,1.4729963541030884,-0.03595934063196182,0.8908072710037231,-0.0064034233801066875,0
0.36699244379997253,1.0987645387649536,0.19918908178806305,0.15334147214889526,0.11664310097694397,-0.41182029247283936,0.9534742832183838,-0.31749841570854187,0.04893103986978531,0.7350665330886841,0.47503623366355896,1.1140235662460327,-0.21712931990623474,0.3296425938606262,1.2109752893447876,0
-0.4125743806362152,1.1722413301467896,1.059160828590393,1.1939235925674438,0.7156310677528381,0.6739218831062317,1.076310396194458,0.865002453327179,0.00011310218542348593,-0.6186238527297974,0.4632222652435303,-0.20095807313919067,-0.7288596630096436,0.11489787697792053,-0.2360369712114334,1
0.4624205231666565,1.5952613353729248,0.14805816113948822,1.290313720703125,1.333219051361084,1.4261424541473389,0.0925806537270546,0.06169252470135689,0.8723793029785156,1.4407079219818115,0.0686001181602478,0.7116066813468933,0.005892835557460785,0.22864067554473877,-0.21196599304676056,0
-0.011910115368664265,0.07511019706726074,0.9613279700279236,1.5293784141540527,0.9151833057403564,1.2469749450683594,-0.3053387999534607,1.0739319324493408,0.143529012799263,-0.25145989656448364,0.09198567271232605,1.5878031253814697,0.5539828538894653,-0.4857094883918762,0.916443943977356,1
0.47338777780532837,-0.05444067344069481,-0.10288236290216446,1.2571229934692383,1.5664727687835693,-0.15831704437732697,0.7589590549468994,1.1281324625015259,-0.0371236652135849,0.043573495000600815,0.9735104441642761,0.5964874029159546,0.21469303965568542,1.0969310998916626,0.5961040258407593,0
-0.14306089282035828,-0.02802831307053566,0.23955240845680237,1.5271098613739014,0.10245552659034729,0.5546265840530396,0.5128303170204163,1.1041538715362549,0.8741239309310913,-0.130276158452034,-0.10087982565164566,0.010219546034932137,0.7024976015090942,-0.3893600404262543,0.06667139381170273,0
-0.240745410323143,0.8058399558067322,0.9041301608085632,0.8610473871231079,0.907443642616272,0.8628668785095215,0.6110148429870605,0.9771323204040527,1.409024715423584,1.6712056398391724,-0.23510244488716125,-0.10049901902675629,1.0386483669281006,1.363851547241211,0.9502962231636047,1
0.24182309210300446,0.8235307335853577,-0.28200557827949524,1.406194806098938,-0.09119999408721924,0.78226637840271,0.33554399013519287,0.9797307848930359,-0.39674559235572815,-0.27175721526145935,-0.2710951864719391,-0.0264142956584692,-0.0553860142827034,0.7180315852165222,0.5730999708175659,0
-0.27930349111557007,0.9292305111885071,1.0965323448181152,-0.13452690839767456,0.016340872272849083,0.07399051636457443,-0.7760021090507507,0.27776116132736206,0.02102220430970192,0.07102659344673157,-0.6379967927932739,-0.2789766788482666,0.3555494248867035,-0.2345273643732071,1.3930433988571167,1
-0.557995080947876,0.4788266122341156,-0.3490025997161865,0.12991812825202942,0.9820320010185242,0.22485779225826263,0.24324914813041687,0.5635151267051697,0.562466025352478,0.9421791434288025,0.19608236849308014,-0.27807220816612244,0.8679096698760986,-0.561625599861145,0.5966274738311768,0
0.2106320708990097,0.06524801254272461,1.2949013710021973,-0.6195846796035767,-0.15688689053058624,1.0711846351623535,1.4725301265716553,0.06328067183494568,-0.0638047456741333,0.6445278525352478,0.8102504014968872,0.8542526364326477,0.23148611187934875,0.30815577507019043,0.3346828520298004,1
0.21022139489650726,0.8684223890304565,0.6099550724029541,0.5049993991851807,0.1413561850786209,0.978110671043396,0.9758954644203186,0.25885897874832153,1.0596765279769897,-0.1320246160030365,0.3557412922382355,0.26038986444473267,-0.28136998414993286,0.26153284311294556,0.9804626703262329,1
-0.20521393418312073,0.04106057062745094,0.02872770093381405,1.3213703632354736,-0.18843412399291992,-0.4873303472995758,-0.4453985393047333,0.06347695738077164,-0.3675372898578644,-0.17711158096790314,0.9296241998672485,0.4579293131828308,0.6953638792037964,0.9754910469055176,0.13503871858119965,0
-0.011494459584355354,0.03890831768512726,1.4445221424102783,0.03836992383003235,0.9650229215621948,0.09242671728134155,1.3207274675369263,0.6531749963760376,-0.15280801057815552,0.0528787299990654,0.23686596751213074,1.2125107049942017,1.2596200704574585,0.7627291083335876,0.7222562432289124,1
0.49534255266189575,-0.032713718712329865,-0.068825863301754,-0.16331791877746582,-0.23803861439228058,1.11579430103302,0.7174464464187622,-0.47324198484420776,1.186822772026062,0.9884838461875916,0.43947649002075195,-0.32093945145606995,0.005682710092514753,1.4802075624465942,-0.15868833661079407,0
-0.26094353199005127,0.8544119000434875,-0.38905349373817444,1.120897889137268,0.48572608828544617,-0.024436723440885544,1.1181399822235107,0.319892942905426,1.0397844314575195,1.2210993766784668,0.919768214225769,0.10978250205516815,0.9230666756629944,-0.07563018798828125,0.5315735340118408,0
0.2680969536304474,-0.09268469363451004,0.6489218473434448,1.368351936340332,-0.19052769243717194,0.28307873010635376,-0.2450728714466095,1.3349636793136597,1.0344319343566895,0.568696141242981,0.3283829092979431,-0.4430210590362549,-0.3260784447193146,-0.3569321930408478,-0.08774981647729874,1
-0.5630403161048889,0.6209204792976379,0.06669969111680984,1.4909942150115967,1.11154043674469,0.5991684794425964,0.10066622495651245,0.9152671098709106,-0.6789448261260986,-0.410740464925766,1.7058175802230835,1.427807092666626,1.0318877696990967,-0.6692390441894531,0.8211030960083008,0
-0.3589765131473541,1.2073185443878174,1.0202035903930664,0.9288888573646545,0.8031613826751709,0.9519710540771484,0.8428338170051575,-0.4924660325050354,0.9172471165657043,-0.20109273493289948,0.5230797529220581,0.0005319879855960608,0.12563301622867584,0.7874237895011902,0.9199598431587219,1
0.19327892363071442,0.05897518992424011,-0.17750506103038788,1.1102467775344849,-0.3515991270542145,0.8085136413574219,1.1194359064102173,-0.19779908657073975,0.0010326235787943006,0.9696930646896362,-0.3637637495994568,1.1106806993484497,1.1964048147201538,0.2008451372385025,-0.19589339196681976,0
-0.4112655520439148,0.6239519715309143,1.239048957824707,1.1250386238098145,0.3492155969142914,0.05997171998023987,0.6182571649551392,1.1237971782684326,0.8677927851676941,1.306878685951233,-0.20977570116519928,-0.08499252051115036,0.5103603601455688,0.37359896302223206,-0.18538296222686768,1
0.055314213037490845,0.7470180988311768,0.15040580928325653,1.0129849910736084,1.3252315521240234,1.2294774055480957,0.6584488749504089,0.2849155068397522,-0.13690143823623657,0.5351038575172424,1.4279597997665405,1.017459511756897,1.1253737211227417,0.501215398311615,0.19437992572784424,0
0.042087484151124954,-0.276368111371994,0.9800620675086975,-0.08547712117433548,-0.02161729335784912,1.314268708229065,0.144245907664299,0.02471533790230751,-0.533966600894928,-0.043902408331632614,1.0536726713180542,-0.4060192406177521,0.6233041882514954,0.882437527179718,0.3158354163169861,1
-0.17757871747016907,1.01031494140625,0.8661488890647888,0.9374485015869141,1.1859006881713867,1.0834934711456299,-0.4008617103099823,-0.043488796800374985,0.0442177839577198,-0.38508903980255127,0.3429321348667145,0.40106329321861267,0.8063508868217468,0.7541562914848328,-0.4389840364456177,1
0.04302337020635605,0.6769295930862427,1.3702292442321777,-0.1800832748413086,0.26814284920692444,0.061165306717157364,1.0183049440383911,0.8865673542022705,1.0858274698257446,0.6356188654899597,1.0450198650360107,-0.13616517186164856,-0.022523248568177223,1.0347105264663696,-0.2256315052509308,1
-0.06682495772838593,1.0438776016235352,-0.01812135986983776,0.8143643736839294,-0.08181869238615036,1.251207709312439,1.1224939823150635,-0.013584339059889317,1.081990361213684,1.0669796466827393,1.5595706701278687,-0.1912514865398407,1.3841893672943115,1.0087939500808716,0.12291368097066879,0
0.38479751348495483,0.07235660403966904,-0.13475565612316132,0.0757092833518982,-0.2388582080602646,0.6918744444847107,-0.050961725413799286,-0.16748161613941193,-0.3720785975456238,0.4560917317867279,0.9199473857879639,1.2676886320114136,0.8338698744773865,0.4902881383895874,0.1755920797586441,0
0.47233107686042786,0.5164269804954529,0.00961182452738285,1.0690944194793701,-0.28685975074768066,0.02634587325155735,1.2112083435058594,0.049631908535957336,0.061200208961963654,0.6024811863899231,1.146769642829895,0.4886178970336914,0.9283256530761719,0.016815828159451485,1.2698416709899902,0
-0.15771041810512543,-0.05211959034204483,0.7459768652915955,-0.21270425617694855,0.07245462387800217,-0.18450698256492615,0.40439745783805847,0.15473197400569916,1.0043011903762817,0.8256654739379883,0.9640182256698608,0.3161104917526245,0.8916520476341248,-0.33888381719589233,-0.2368289977312088,1
-0.00957002304494381,0.8631772398948669,0.2122664749622345,-0.26130515336990356,0.3665942847728729,1.7392843961715698,0.2887209951877594,0.39721062779426575,0.10576481372117996,1.074568271636963,0.6852102279663086,0.9110778570175171,1.1404850482940674,0.48386871814727783,0.354059100151062,0
-0.08191346377134323,0.6350548267364502,0.9265828728675842,0.1101899966597557,1.0296732187271118,0.813366711139679,-0.11559610068798065,0.42214009165763855,-0.36226871609687805,0.21459944546222687,1.2714594602584839,1.204862117767334,0.30059826374053955,0.9198710322380066,0.4519132375717163,1
0.17571204900741577,0.9587094187736511,0.5585758090019226,1.0521548986434937,1.1696157455444336,0.07768742740154266,0.6093686819076538,0.7729304432868958,-0.22661355137825012,-0.41033658385276794,0.08133513480424881,0.5207849144935608,0.8488288521766663,1.220255970954895,1.0703957080841064,1
0.21966513991355896,-0.015541532076895237,0.9598244428634644,-0.46225470304489136,1.1236294507980347,1.0699925422668457,0.8295910358428955,0.9192524552345276,0.16860033571720123,0.8912973403930664,-0.29694247245788574,1.0962104797363281,-0.08002462238073349,-0.17330722510814667,1.2960968017578125,1
-0.10714347660541534,-0.39886122941970825,0.9392330050468445,0.4997205436229706,0.6143892407417297,-0.6108603477478027,1.3662688732147217,-0.07919244468212128,-0.32437875866889954,0.5655451416969299,0.3636678159236908,1.0169291496276855,0.8685008883476257,0.3211451470851898,0.013197725638747215,1
-0.21013718843460083,0.03164774551987648,1.2309327125549316,0.3099682927131653,0.5449011325836182,1.2348448038101196,1.0390713214874268,0.9458472728729248,-0.16599124670028687,-0.2862514555454254,1.0103232860565186,0.5901642441749573,0.9419810175895691,-0.051578033715486526,-0.28741905093193054,1
0.38366758823394775,1.222059726715088,-0.8146553635597229,1.337490200996399,-0.5090819597244263,1.0335872173309326,0.2693006992340088,-0.07710818946361542,-0.05116350203752518,-0.21927510201931,0.6530491709709167,1.3252328634262085,0.9561153054237366,-0.0671512633562088,1.0017004013061523,0
0.2871250510215759,-0.19008468091487885,0.6030658483505249,1.7151072025299072,0.018597321584820747,-0.2594316303730011,1.407325267791748,0.7972022891044617,0.09317116439342499,1.016900897026062,-0.18341270089149475,0.06842292845249176,1.274094581604004,-0.1805533766746521,1.4212833642959595,1
-0.32550644874572754,1.5457690954208374,0.93931645154953,-0.5915766358375549,-0.3135978877544403,0.8360217809677124,1.1531627178192139,0.7431572079658508,0.8640620112419128,1.3774701356887817,1.1431915760040283,0.8417936563491821,-0.21617871522903442,1.4199302196502686,-0.42539265751838684,1
0.223717600107193,0.4524972438812256,0.4070444107055664,0.36902424693107605,0.1159086674451828,-0.1452220380306244,1.646206259727478,0.09602393209934235,0.9599769711494446,0.5445030927658081,-0.34821513295173645,1.068739652633667,-0.041783951222896576,1.2913697957992554,0.3342806398868561,0
-0.3184654414653778,0.4450452923774719,0.2569064497947693,-0.030543290078639984,0.09236610680818558,-0.14162643253803253,0.15307383239269257,0.8925870060920715,0.2260710448026657,0.09199412167072296,0.5028484463691711,0.24378702044487,0.11739710718393326,-0.2940749228000641,0.17404115200042725,0
-0.4777783155441284,0.17306725680828094,0.5809181332588196,-0.35616806149482727,1.3491723537445068,0.21968598663806915,-0.25024423003196716,0.3353351652622223,1.039951205253601,0.1471577286720276,-0.45736458897590637,1.4935007095336914,-0.0111269885674119,0.9548477530479431,1.0845454931259155,1
0.05465966463088989,1.0726333856582642,1.0074354410171509,0.3568479120731354,-0.18565122783184052,0.004900062456727028,0.25311246514320374,1.7070508003234863,0.10256489366292953,1.4665005207061768,0.33323442935943604,-0.3916633129119873,0.09277064353227615,-0.3553771376609802,1.2552518844604492,1
0.5455625653266907,0.3114836812019348,0.5556970238685608,0.4697781801223755,0.9666392207145691,-0.1845734864473343,0.9919112324714661,-0.5547855496406555,0.49349507689476013,0.7496721744537354,0.9890690445899963,-0.10387926548719406,0.9828172326087952,1.2535793781280518,0.2925662696361542,1
0.2287338823080063,0.2832975387573242,0.0008699328755028546,0.8591594696044922,0.6472328305244446,1.0995227098464966,-0.1677757203578949,1.3267579078674316,0.44542446732521057,0.11896165460348129,0.2623717486858368,0.9961726069450378,0.5094651579856873,-0.4472622871398926,0.8274986147880554,0
0.13296447694301605,1.5851539373397827,1.3277428150177002,0.6814967393875122,0.5310109257698059,1.0352811813354492,1.0863964557647705,0.6931484341621399,1.0881558656692505,0.46627357602119446,0.8769321441650391,-0.054599225521087646,0.4238993227481842,-0.25292956829071045,1.3120687007904053,1
0.04953744634985924,0.3613360822200775,-0.4281183183193207,0.4164413809776306,-0.10350392013788223,-0.4205566942691803,-0.02116885408759117,1.364340901374817,-0.10628148913383484,1.3689695596694946,0.5079798698425293,0.7401998043060303,0.9242825508117676,-0.1362229734659195,1.1861907243728638,0
0.1062270849943161,0.9383407831192017,0.8495312333106995,0.5722549557685852,0.9249219298362732,-0.5715368390083313,0.20602181553840637,1.455688238143921,0.49063414335250854,0.15786905586719513,0.49200281500816345,-0.2120782732963562,1.0756624937057495,0.2635352611541748,1.0019488334655762,1
-0.05283268541097641,0.994170606136322,0.5534272789955139,0.7466245889663696,0.06691332906484604,1.3968194723129272,1.2262383699417114,0.21264289319515228,0.03664235398173332,1.2611618041992188,1.0770306587219238,-0.16258826851844788,0.873500406742096,0.9947258830070496,0.8243938088417053,0
-0.12827463448047638,0.8289831280708313,1.2144674062728882,0.07095679640769958,-0.6009450554847717,0.7088064551353455,1.4952255487442017,0.24337400496006012,0.36069971323013306,-0.44455835223197937,-0.07114733755588531,0.5029788613319397,0.6654800176620483,0.18915210664272308,0.6602462530136108,1
0.1523563116788864,1.4823132753372192,-0.11862491816282272,1.3014711141586304,1.219313383102417,1.417067527770996,0.3049218952655792,0.3271372616291046,-0.8276066184043884,0.2662862539291382,1.0119812488555908,1.4191920757293701,0.21790437400341034,1.4770227670669556,0.34322652220726013,0
-0.04430006444454193,-0.09960201382637024,0.8178815245628357,1.0852316617965698,-0.20955616235733032,1.086516261100769,0.4920552968978882,0.5871682167053223,0.27399519085884094,1.2222900390625,-0.43886733055114746,1.0617908239364624,0.3220980167388916,-0.039595093578100204,0.5732805132865906,1
0.17172226309776306,0.8580633997917175,0.7812539339065552,0.5060898065567017,-0.34813278913497925,0.16421912610530853,0.6879438161849976,1.46990168094635,0.04888295382261276,-0.022817403078079224,1.1944116353988647,0.9678709506988525,0.7999564409255981,-0.12230376154184341,0.11285046488046646,1
-0.6231832504272461,0.4126904606819153,0.3344819247722626,0.7808010578155518,0.0537559799849987,-0.391222208738327,1.1869381666183472,0.7427836656570435,-0.18822725117206573,0.9794690012931824,-0.31789255142211914,-0.4571404755115509,0.6103344559669495,0.09886503219604492,0.3073003888130188,0
-0.5388001203536987,0.797889769077301,-0.16652952134609222,1.3638737201690674,1.341820240020752,-0.07705345749855042,-0.24544578790664673,0.3487546145915985,0.9093440175056458,0.9198014736175537,0.24984656274318695,1.1869878768920898,-0.46829843521118164,1.1094026565551758,0.5592058897018433,0
-0.21185506880283356,0.05287136882543564,1.3372260332107544,0.15984290838241577,1.1434611082077026,-0.013254296034574509,0.963983416557312,0.8644369840621948,1.0641212463378906,1.4883450269699097,-0.012896857224404812,-0.22529497742652893,0.08758582919836044,0.8218473196029663,-0.14124281704425812,1
0.2908910810947418,-0.31400036811828613,0.24582786858081818,0.59596186876297,0.22746343910694122,0.684083878993988,1.140097975730896,1.0373162031173706,0.14077569544315338,0.7626736760139465,0.2919800281524658,0.9071729183197021,1.4466744661331177,0.7072407007217407,0.9738411903381348,1
0.9533597826957703,-0.03481249138712883,1.439810037612915,-0.015172716230154037,-0.37036001682281494,1.458640217781067,1.0196021795272827,-0.3064665198326111,1.328265905380249,0.06140061840415001,-0.00502361822873354,0.13969112932682037,-0.15701676905155182,1.0008552074432373,1.0074371099472046,1
0.19488272070884705,1.0761691331863403,0.15956829488277435,1.5974687337875366,-0.16192039847373962,0.9107573628425598,1.0638898611068726,1.0528935194015503,-0.20436705648899078,0.08161173015832901,0.519625723361969,-0.1988079994916916,0.25247812271118164,1.3557277917861938,0.7177318930625916,0
-0.09601615369319916,0.2956669330596924,1.1853185892105103,0.27286496758461,0.4635642468929291,1.5990259271347895e-05,1.4802329540252686,0.8332695364952087,0.5353366732597351,0.018108082935214043,0.10678922384977341,1.0143195390701294,1.1494325399398804,1.404168963432312,0.07847907394170761,1
0.41299644112586975,0.16522632539272308,-0.07230544090270996,0.9784963726997375,0.004055594559758902,1.1074745655059814,0.2543010711669922,0.430801659822464,0.049709148705005646,0.9476083517074585,1.3370025157928467,-0.02517484314739704,-0.33276236057281494,1.1237099170684814,1.2250043153762817,0
-0.5156447887420654,0.12410015612840652,-0.3384957015514374,0.3798833191394806,0.3120035231113434,-0.44681990146636963,0.8379720449447632,1.273566722869873,-0.35837432742118835,-0.4774574339389801,0.9058243632316589,-0.061437953263521194,1.0531877279281616,0.28248727321624756,-0.3271175026893616,0
-0.4371439516544342,0.18370699882507324,-0.19864530861377716,0.3745065927505493,0.03561181202530861,0.39181315898895264,0.23883835971355438,0.8114504218101501,0.2504388689994812,-0.2122197449207306,0.844447910785675,1.380313754081726,0.8576750159263611,0.7320334315299988,1.135427713394165,0
-0.12469299137592316,1.1360136270523071,-0.08087900280952454,1.4951841831207275,-0.2805330455303192,-0.7477986812591553,0.105815589427948,0.22642004489898682,-0.15705566108226776,0.17792104184627533,0.3361801505088806,0.9575604200363159,0.19906136393547058,0.8145303130149841,0.9232622981071472,0
0.825778603553772,-0.3069590926170349,-0.26142969727516174,0.05330349877476692,0.28826576471328735,-0.2913752794265747,0.6771950125694275,0.20546668767929077,1.2590878009796143,-0.015942124649882317,1.4033223390579224,0.928722083568573,0.6498332023620605,1.2957112789154053,0.015685178339481354,0
0.08875267952680588,-0.1475905478000641,0.6810500025749207,0.9065401554107666,0.7955664396286011,0.3971398174762726,0.6532439589500427,0.1353553682565689,0.6111039519309998,-0.2936381995677948,0.11073756217956543,1.2805802822113037,-0.24126006662845612,-0.032480817288160324,0.7078518867492676,1
-0.14098677039146423,0.9227482080459595,1.183681607246399,0.2890263795852661,0.2819885313510895,-0.26426276564598083,0.41227060556411743,0.2638489305973053,-0.07882965356111526,0.8041686415672302,0.14942844212055206,0.42504972219467163,1.3581103086471558,0.9847427010536194,-0.07028594613075256,1
-0.025307921692728996,1.0871751308441162,1.4136234521865845,0.9281854033470154,1.0818997621536255,1.1719838380813599,0.8065083622932434,0.20817607641220093,-0.28836947679519653,-0.28367117047309875,0.12171143293380737,0.5654861927032471,0.08899512141942978,1.32860267162323,0.5632320642471313,1
0.7144715785980225,1.1995867490768433,1.1756511926651,-0.5185166001319885,0.27285441756248474,-0.11993032693862915,0.5827510356903076,-0.3606637716293335,-0.7012271881103516,0.6779040694236755,-0.045056041330099106,0.47408008575439453,0.2340725213289261,1.148645281791687,-0.058278512209653854,1
-0.5148797035217285,0.5864032506942749,-0.3002050220966339,-0.6688430309295654,-0.03831639140844345,0.5150097608566284,-0.1667514145374298,0.06935484707355499,0.9716779589653015,0.6602197289466858,1.029638648033142,0.676906943321228,0.9239257574081421,0.5679170489311218,1.036386251449585,0
-0.12126824259757996,1.230459451675415,1.3061045408248901,1.0505770444869995,0.46893206238746643,1.2003393173217773,0.19716255366802216,1.549028992652893,-0.37271055579185486,0.7886137366294861,-0.5263181924819946,0.175579234957695,0.35232511162757874,0.9907600283622742,0.04347630962729454,1
0.0019048105459660292,0.7399493455886841,-0.1117870956659317,0.9779366850852966,1.246172547340393,0.24892355501651764,0.49372172355651855,0.1297558695077896,1.5354480743408203,1.5384423732757568,-0.047003041952848434,1.0288382768630981,0.024719959124922752,1.2959963083267212,-0.006653373595327139,0
0.3100832998752594,-0.22044749557971954,0.5220639109611511,0.6445518732070923,0.9084140062332153,1.1524287462234497,0.025768395513296127,0.6071353554725647,1.1940983533859253,0.6547974348068237,0.9919034242630005,-0.042897626757621765,1.2879812717437744,-0.02961481735110283,0.32021015882492065,0
0.030923672020435333,1.3939768075942993,-0.31476062536239624,0.40750887989997864,0.9632217884063721,0.5141135454177856,-0.10151442140340805,0.9625303745269775,0.10322878509759903,1.27131986618042,1.0536900758743286,1.2125331163406372,1.1235229969024658,-0.29143574833869934,0.6479065418243408,0
0.6873401999473572,0.9593810439109802,0.19037926197052002,-0.1066138967871666,1.2144819498062134,0.8120887279510498,-0.18894946575164795,0.8378043174743652,0.9228314161300659,0.2871987521648407,-0.43043383955955505,-0.37006568908691406,-0.17475518584251404,1.2152820825576782,-0.01185305044054985,0
-0.4361005127429962,-0.15956203639507294,0.21625781059265137,-0.4657258987426758,1.2744712829589844,-0.18031522631645203,0.8021998405456543,1.144668698310852,1.2507644891738892,1.0305629968643188,-0.13750086724758148,0.32825160026550293,-0.44780516624450684,0.05049363151192665,0.7843024134635925,0
0.1474991887807846,0.2174832671880722,0.9310623407363892,-0.2155437469482422,0.2232469618320465,-0.23308637738227844,1.1699082851409912,-0.32329416275024414,1.5480471849441528,1.2762457132339478,-0.32583165168762207,1.083548903465271,-0.06669922918081284,1.4321435689926147,0.7597907781600952,1
-0.19371604919433594,0.8119180202484131,1.134750247001648,0.196767657995224,0.3191668689250946,0.21097753942012787,0.8797159194946289,0.3430282771587372,0.43511953949928284,0.2030704915523529,1.0799963474273682,0.43275174498558044,0.9748557209968567,0.39293769001960754,1.4112069606781006,1
-0.24261128902435303,-0.05021430552005768,-0.2583874762058258,0.3022712469100952,-0.33385154604911804,1.0146679878234863,1.0498946905136108,0.14724262058734894,0.2609453797340393,0.1950928121805191,-0.016480933874845505,-0.15365038812160492,-0.3734266459941864,-0.5469880700111389,0.7352939248085022,0
0.030867069959640503,0.2341037392616272,0.5404568314552307,0.5472087860107422,0.66754150390625,0.967734694480896,0.16269923746585846,1.3563389778137207,-0.1356448233127594,-0.07881998270750046,-0.30898553133010864,0.9283672571182251,-0.33569058775901794,0.40545129776000977,1.0989420413970947,1
0.4919341802597046,0.7002059817314148,1.2017722129821777,1.5783281326293945,0.34155023097991943,1.259645700454712,-0.006117517128586769,0.7509498596191406,-0.028757400810718536,-0.06213761493563652,0.30234500765800476,-0.43397289514541626,0.9498291015625,1.2377818822860718,0.34265246987342834,1
-0.05348455160856247,-0.020357660949230194,-0.4493781328201294,0.6439220905303955,0.8028070330619812,0.23437200486660004,0.8661874532699585,0.053894445300102234,0.3448536694049835,0.6125164031982422,-0.13548697531223297,0.8858665823936462,1.200466275215149,0.15430602431297302,1.3141283988952637,0
-0.33423668146133423,0.10520432889461517,1.3260620832443237,1.0063378810882568,0.5697547197341919,0.1934918761253357,-0.19578906893730164,-0.3917219042778015,1.671190619468689,1.0148651599884033,-0.07401704043149948,-0.28425857424736023,0.34336671233177185,0.9787615537643433,0.22004719078540802,1
0.2563329339027405,0.8133990168571472,0.8460639119148254,1.1219274997711182,-0.20495635271072388,0.37567415833473206,0.6803598403930664,-0.13520531356334686,1.3251636028289795,-0.17644350230693817,-0.16102227568626404,0.7257546782493591,-0.037543319165706635,0.21978767216205597,0.3174680769443512,1
-0.52756667137146,1.2558404207229614,0.9440624117851257,1.183119297027588,1.367352843284607,-0.11520843207836151,0.8467432856559753,1.2751716375350952,0.8871718645095825,0.45892828702926636,0.7597517967224121,1.1219452619552612,-0.29625675082206726,0.17240546643733978,0.9431562423706055,1
-0.3048599064350128,1.0908746719360352,0.1442462056875229,-0.04388672113418579,0.7354474663734436,1.1845855712890625,-0.03325631096959114,1.3480960130691528,-0.14718233048915863,1.0978249311447144,1.5930944681167603,-0.1083473190665245,0.9056490063667297,-0.17800812423229218,0.9058725833892822,0
-0.21945366263389587,0.1966538429260254,0.7643893957138062,0.9262660145759583,-0.4658966064453125,0.08765369653701782,0.9209697246551514,0.2961357533931732,1.3744491338729858,1.3327773809432983,0.9998907446861267,0.43990182876586914,1.2494171857833862,0.635772705078125,1.2720495462417603,1
-0.18195538222789764,0.7826138138771057,1.087485671043396,-0.12724347412586212,-0.1090378537774086,-0.3057211637496948,0.16794084012508392,-0.009686572477221489,-0.030704520642757416,1.084628939628601,0.3676201105117798,0.6211012005805969,1.8791438341140747,0.8498052358627319,0.11292711645364761,1
-0.0015765131684020162,0.6600707173347473,0.8615411520004272,0.7097966074943542,0.16068442165851593,1.4129258394241333,0.1592409312725067,1.3493437767028809,1.415732979774475,1.2024204730987549,0.7833918333053589,0.5708692073822021,-0.45429161190986633,0.7143685817718506,0.7208024859428406,1
-0.5394071936607361,-0.20724081993103027,0.15398745238780975,1.475197196006775,-0.0073539018630981445,-0.2777239680290222,0.6155101656913757,0.5625962615013123,1.200765609741211,-0.27951622009277344,-0.12801691889762878,1.3400990962982178,0.14426489174365997,0.7578352689743042,0.32244783639907837,0
-0.016119513660669327,-0.0034130404237657785,1.4852993488311768,-0.6120859384536743,-0.05251438915729523,0.5759793519973755,-0.1644883006811142,-0.022781750187277794,1.0143187046051025,1.2647786140441895,0.8349275588989258,0.9686678647994995,0.9936895966529846,0.9873624444007874,0.21715137362480164,1
-0.9209036827087402,0.11666367202997208,-0.24967657029628754,-0.1028103455901146,0.34680381417274475,0.8525789976119995,0.7426202297210693,0.025480251759290695,0.12236800044775009,1.012980580329895,0.8101375102996826,1.137387990951538,0.10430043935775757,0.7991753220558167,0.3031497299671173,0
-0.17785735428333282,0.13913068175315857,0.28622564673423767,1.1997090578079224,0.599515974521637,0.8462579250335693,-0.08219648152589798,0.8693323135375977,-0.10045240074396133,1.0662853717803955,1.1218026876449585,0.2998046576976776,-0.07756152004003525,1.1026508808135986,-0.4041626751422882,0
-0.13436533510684967,-0.31685346364974976,1.2849537134170532,-0.16266374289989471,0.9043029546737671,1.2383846044540405,-0.2903168201446533,-0.46904850006103516,-0.2508152425289154,0.07481205463409424,1.002661943435669,1.4379957914352417,-0.39693841338157654,0.5369905233383179,0.4844707250595093,1
-0.38942813873291016,1.4752247333526611,0.948939859867096,-0.17197051644325256,0.8403993248939514,0.5475635528564453,1.4992895126342773,0.21835072338581085,0.7172466516494751,0.6668720841407776,0.7818606495857239,-0.1594787985086441,-0.2509787678718567,1.2333321571350098,0.6617127656936646,1
0.24136361479759216,0.11322624981403351,0.2001781016588211,0.9328594207763672,0.8875411152839661,0.29565322399139404,0.36362791061401367,0.7641369104385376,0.9606710076332092,-0.0453418530523777,-0.433430939912796,0.4947662949562073,-0.26279187202453613,0.9971043467521667,0.7620357275009155,0
-0.18710178136825562,0.9932695627212524,1.218612551689148,1.4334052801132202,0.09362354129552841,0.6344492435455322,0.21755769848823547,-0.6769574880599976,0.6327942609786987,0.004062885418534279,-0.057516563683748245,-0.419941246509552,0.7941198348999023,1.0050125122070312,1.2009248733520508,1
-0.0673748180270195,-0.218557670712471,1.0497310161590576,1.070576548576355,1.2092429399490356,1.023316740989685,0.012735522352159023,-0.23365893959999084,1.5612329244613647,-0.2171153724193573,1.0321592092514038,0.0017790735000744462,1.6299716234207153,1.5662554502487183,1.0821353197097778,1
-0.32186219096183777,0.8146194219589233,1.6990513801574707,0.6406418085098267,0.33921942114830017,0.0204265508800745,-0.19386662542819977,-0.00019753910601139069,1.6381186246871948,-0.20774950087070465,-0.02087392471730709,-0.21274136006832123,0.7374581694602966,0.8473711013793945,-0.09836488217115402,1
0.2107722908258438,0.8473109006881714,0.28459447622299194,1.2153151035308838,-0.41781944036483765,0.7143210172653198,0.9932140707969666,1.088593602180481,0.9365590214729309,0.9031506776809692,-0.519690752029419,1.2171192169189453,1.240382194519043,-0.06538721174001694,1.4122824668884277,0
-0.072190061211586,0.035411570221185684,-0.029283560812473297,-0.2399652600288391,1.2058154344558716,0.8401281237602234,1.4741301536560059,0.1955321580171585,1.1502763032913208,-0.018989814445376396,-0.5845656991004944,-0.61197829246521,0.6769155263900757,1.0798943042755127,0.13858407735824585,0
0.23372520506381989,1.1335943937301636,-0.09222021698951721,1.6469342708587646,-0.3852996528148651,-0.04724980890750885,0.8027023077011108,0.3680904507637024,0.4803173243999481,0.9675699472427368,-0.16097062826156616,-0.19277480244636536,0.7320267558097839,-0.038586586713790894,-0.17770671844482422,0
-0.474539190530777,-0.2750808000564575,-0.04921366646885872,0.743979275226593,1.2683067321777344,1.2641241550445557,0.9295473098754883,-0.1327715516090393,0.012159565463662148,-0.4692773222923279,1.155248761177063,-0.05504002422094345,-0.07205995172262192,1.0854077339172363,1.5123738050460815,0
0.16633306443691254,0.720994234085083,-0.02496482990682125,0.5434530973434448,0.3999190032482147,0.7933094501495361,0.2632659375667572,0.5709982514381409,0.1802370846271515,0.14192092418670654,0.20426136255264282,-0.5881305932998657,0.8861774206161499,0.009974761866033077,1.1100255250930786,0
-0.5369687676429749,-0.26889294385910034,0.987723708152771,1.3501783609390259,0.04501212388277054,0.07080448418855667,0.8625108599662781,-0.018518755212426186,1.4857573509216309,-0.11127061396837234,-0.15070071816444397,1.1921645402908325,-0.28606978058815,-0.33988243341445923,1.3252284526824951,1
-0.027943702414631844,0.7610212564468384,0.6789210438728333,-0.05430841073393822,0.4985039532184601,0.21135935187339783,-0.14673857390880585,-0.1915033459663391,1.1054840087890625,1.1114884614944458,0.2888982594013214,0.730075478553772,1.0300579071044922,0.15239600837230682,0.6475880742073059,1
-0.07651194930076599,-0.07326477766036987,0.46729207038879395,1.265595555305481,-0.2960582673549652,0.950181245803833,0.1775887906551361,1.2606507539749146,-0.051268644630908966,-0.1837521344423294,-0.1139446496963501,-0.36165082454681396,1.313970685005188,-0.33911412954330444,1.2877103090286255,0
-0.05685780197381973,0.055095501244068146,-0.5654576420783997,1.0973880290985107,-0.59122234582901,0.5244471430778503,0.3886799216270447,0.026769520714879036,-0.08947715163230896,0.8053449988365173,0.15750613808631897,-0.4009389579296112,-0.08647150546312332,0.19435201585292816,0.01517166756093502,0
0.3057161271572113,1.3605598211288452,-0.31353944540023804,0.8120310306549072,1.3272055387496948,-0.5890687108039856,1.1494418382644653,0.6098592877388,0.2638567090034485,-0.06184561923146248,1.0149656534194946,0.8035179972648621,0.055017147213220596,0.7513176202774048,0.7824162840843201,0
0.11568902432918549,-0.16548411548137665,1.0652626752853394,-0.26405784487724304,-0.03795791044831276,1.151673436164856,-0.2705090641975403,0.05827236548066139,1.1463819742202759,0.3041917085647583,1.0539556741714478,-0.16624875366687775,-0.017323341220617294,0.528199315071106,0.9865506291389465,1
-0.38437172770500183,0.7786220908164978,0.8261303305625916,0.04952867701649666,1.3087457418441772,0.7971290349960327,-0.19274553656578064,0.04185754433274269,0.1633988320827484,0.8717600107192993,0.8086118698120117,-0.05960142984986305,0.8176752328872681,-0.04076511785387993,-0.03946184366941452,1
0.012588809244334698,-0.17800948023796082,1.0525462627410889,1.1166560649871826,0.5621033906936646,1.3491588830947876,0.9981112480163574,0.9141611456871033,0.38293391466140747,1.2093069553375244,0.3268994092941284,0.37452995777130127,0.76051926612854,0.08526939898729324,0.4507259428501129,1
0.5756627917289734,0.14274771511554718,0.7726415991783142,-0.13590499758720398,0.42735737562179565,0.6770181655883789,0.911141037940979,1.110901951789856,1.7028576135635376,1.279481053352356,1.3703945875167847,0.7663634419441223,0.4725394546985626,-0.36992722749710083,0.23947669565677643,1
0.04785482957959175,1.5384153127670288,-0.30764830112457275,1.6139705181121826,0.01583363488316536,0.03525741025805473,0.06651359051465988,0.8026681542396545,-0.17735520005226135,-0.1809341460466385,1.206416130065918,-0.22508378326892853,0.7659286260604858,0.20370076596736908,0.06359115988016129,0
0.018468473106622696,0.210919588804245,-0.13463035225868225,0.129765585064888,0.8212341070175171,-0.21751676499843597,0.9430201053619385,-0.02439340390264988,-0.23060570657253265,0.06520253419876099,-0.1097983792424202,1.1463558673858643,0.9306574463844299,0.923588216304779,0.8987511396408081,0
-0.2529700994491577,1.1630308628082275,1.0459736585617065,0.1215369924902916,0.8416426181793213,0.1699300855398178,1.0956497192382812,0.563755989074707,1.0189586877822876,0.6612491011619568,-0.4690019190311432,0.6509941220283508,1.086105465888977,1.0362749099731445,0.9803466796875,1
-0.02728433907032013,0.7916011810302734,1.1567153930664062,-0.5367115139961243,-0.3091254234313965,-0.5393601059913635,0.5847021341323853,1.1310830116271973,1.033230185508728,0.9213050603866577,1.0938057899475098,-0.015565983019769192,0.8301272988319397,0.6732689142227173,-0.07508568465709686,1
-0.5408123135566711,-0.2714553475379944,0.03244028612971306,1.073574423789978,1.277069330215454,-0.10414464771747589,0.06309434771537781,1.0668416023254395,0.2155785858631134,0.14458028972148895,1.2083475589752197,1.3914700746536255,0.9176232814788818,0.040870342403650284,1.0707679986953735,0
-0.2677376866340637,-0.19066599011421204,-0.28779342770576477,1.3755677938461304,0.7856951355934143,-0.19987721741199493,1.220543384552002,0.2476685494184494,1.3461825847625732,0.7102271318435669,1.1799523830413818,0.7448123693466187,1.08672034740448,0.9491358995437622,-0.04414552450180054,0
0.16062739491462708,0.9695562720298767,0.7143550515174866,1.070791244506836,0.6108920574188232,0.8257156014442444,-0.15882055461406708,0.17584487795829773,0.30549323558807373,0.1945214718580246,0.39865103363990784,1.3823838233947754,0.5500460267066956,-0.13866662979125977,0.45774802565574646,1
-0.04357694461941719,-0.45652809739112854,0.27657970786094666,0.7284092307090759,0.18630608916282654,1.091071605682373,-0.07191894203424454,0.3024022877216339,0.6255335807800293,0.5028978586196899,0.39154744148254395,0.06410950422286987,0.4194191098213196,-0.4157577157020569,0.15901300311088562,0
-0.06761600822210312,-0.23727472126483917,0.10615021735429764,-0.017396651208400726,1.0189881324768066,0.9321911931037903,0.014369050972163677,0.059939272701740265,0.8500421047210693,0.735035240650177,-0.10780387371778488,-0.13455644249916077,-0.16637888550758362,1.1518609523773193,-0.40152686834335327,0
-0.07182129472494125,0.3020874857902527,1.161490797996521,1.159157633781433,1.0218420028686523,1.2273563146591187,1.0896457433700562,1.035318374633789,0.3344813883304596,-0.25497475266456604,0.5374250411987305,-0.26310232281684875,-0.11296901106834412,1.1242679357528687,0.693466067314148,1
0.03702225908637047,1.102820873260498,1.2102701663970947,1.7407201528549194,0.5353339910507202,0.9189744591712952,0.9510418772697449,1.568272590637207,-0.2977515161037445,-0.27927103638648987,1.6963462829589844,-0.08246678858995438,0.0849253237247467,0.4783170521259308,0.20076356828212738,1
-0.022203689441084862,1.0910454988479614,0.04431931674480438,1.4248472452163696,0.4132862091064453,1.0715850591659546,0.9903807044029236,0.22436891496181488,1.1499090194702148,1.2774003744125366,0.46768519282341003,0.7703461647033691,1.158401370048523,1.2154057025909424,1.3849064111709595,0
0.030488761141896248,-0.3197571039199829,-0.11610115319490433,0.18824253976345062,0.857528030872345,0.3075624406337738,0.09934283792972565,-0.015755919739603996,0.9663724303245544,1.2359309196472168,0.5276130437850952,0.7187355756759644,0.9969689249992371,0.09336169809103012,0.40035590529441833,0
0.04541049897670746,1.6727827787399292,-0.26980623602867126,1.4858393669128418,1.1646926403045654,0.008290386758744717,0.2814110219478607,1.019741415977478,1.292986512184143,-0.3307618498802185,0.06633329391479492,0.5467503070831299,1.643887996673584,0.43505558371543884,0.9821006655693054,0
0.11649983376264572,0.64703369140625,0.8995336890220642,0.650684654712677,1.192409873008728,1.4286233186721802,0.8525535464286804,1.7431339025497437,0.8679582476615906,-0.23556317389011383,-0.08213169872760773,0.41091081500053406,0.8352465629577637,0.26838240027427673,1.3813328742980957,1
0.13514599204063416,0.6398866772651672,1.2759844064712524,0.5208716988563538,-0.4804507791996002,0.8742512464523315,1.375696063041687,0.944762647151947,-0.811518132686615,0.6158788800239563,0.8758305907249451,-0.014631406404078007,1.3886678218841553,1.025091528892517,0.321401983499527,1
-0.22142569720745087,0.2473638355731964,1.1827037334442139,0.35900428891181946,1.2776578664779663,0.4670012295246124,0.5266808271408081,0.23548288643360138,1.34353506565094,-0.4708402156829834,1.1977685689926147,1.2388758659362793,-0.41349947452545166,0.1208195835351944,0.2498682141304016,1
-0.4158252775669098,-0.21396765112876892,0.7635597586631775,0.8316559791564941,-0.314166784286499,0.1189534068107605,1.0943171977996826,-0.2732134759426117,0.08227281272411346,0.4699145257472992,1.2609325647354126,0.5842103362083435,1.0129591226577759,-0.626855731010437,0.2030964344739914,1
0.43667787313461304,0.15488813817501068,0.6853369474411011,-0.14388522505760193,0.5423908233642578,-0.2776573896408081,-0.11101901531219482,1.2704600095748901,1.2153847217559814,-0.1137651801109314,-0.210988849401474,-0.09624313563108444,-0.120590440928936,0.8056634068489075,-0.2682925760746002,1
0.04685394838452339,0.8639392852783203,0.9625959992408752,1.185476303100586,-0.6032164692878723,-0.22820831835269928,-0.11530718207359314,0.16149461269378662,0.2919110357761383,0.4939917027950287,0.04033314436674118,0.8108488917350769,0.6930765509605408,0.2504826486110687,0.09048278629779816,1
-0.18302422761917114,0.01170935295522213,0.6013756394386292,-0.31081393361091614,1.0480271577835083,-0.5149678587913513,0.9750170111656189,-0.3894399404525757,0.10307879000902176,0.9382737874984741,0.42659851908683777,0.8842166662216187,0.21164458990097046,-0.24966008961200714,0.37980177998542786,1
0.43511441349983215,-0.35746896266937256,-0.07485247403383255,0.13421514630317688,0.8046642541885376,0.009961899369955063,0.05388542264699936,0.05202237889170647,1.0654897689819336,0.7449474930763245,-0.38124337792396545,-0.07167565822601318,0.9703295826911926,0.11892921477556229,0.6997708678245544,0
0.01776375062763691,1.158284068107605,-0.38277003169059753,0.994001567363739,0.17347797751426697,0.05459338426589966,-0.5141537189483643,-0.7045095562934875,1.0432156324386597,1.3713380098342896,-0.09446148574352264,-0.14368829131126404,-0.15148107707500458,0.9625861048698425,0.9741259813308716,0
-0.1188221201300621,-0.03898496925830841,1.3624646663665771,0.8344409465789795,-0.2021382749080658,-0.00353470747359097,0.4174157977104187,1.032608985900879,0.059524353593587875,0.09800295531749725,1.4350427389144897,-0.27027612924575806,0.03892110288143158,0.04390967637300491,1.1516529321670532,1
-0.21752279996871948,0.4594787359237671,0.2259783148765564,-0.29255345463752747,0.7663435935974121,0.13154546916484833,1.2113032341003418,0.3815728425979614,0.6634656190872192,0.008121898397803307,0.8449985384941101,-0.2749308943748474,1.4161127805709839,1.0094763040542603,1.2246692180633545,0
0.1706031709909439,0.7428193688392639,0.46140256524086,1.2562103271484375,-0.0069259218871593475,1.1293776035308838,0.903291642665863,0.08472203463315964,0.9677950143814087,0.9324195981025696,-0.390859454870224,1.1516193151474,1.214293122291565,1.0843267440795898,0.9501270651817322,0
-0.2619803845882416,0.22342972457408905,0.405801385641098,1.2965364456176758,0.3256045877933502,1.4176225662231445,0.1575164943933487,0.39257192611694336,1.0376309156417847,1.266188383102417,0.16078655421733856,0.7309070229530334,-0.18429751694202423,0.9386793375015259,0.26394131779670715,1
0.07692515850067139,-0.41007164120674133,0.6988743543624878,0.5363159775733948,-0.36701735854148865,0.8006999492645264,0.19729898869991302,0.715858519077301,1.0466936826705933,1.3926994800567627,0.21430793404579163,1.324070692062378,0.34638679027557373,0.14761197566986084,-0.021328061819076538,1
0.049574777483940125,0.08863835781812668,-0.32595741748809814,-0.4400844871997833,0.43218499422073364,0.9773864150047302,0.053853295743465424,-0.09362367540597916,0.2694475054740906,0.8128867745399475,0.5800787806510925,1.1359585523605347,1.253660798072815,1.534069299697876,0.3119608759880066,0
0.18311738967895508,1.0947717428207397,0.24338844418525696,0.361737459897995,1.003355622291565,1.3252620697021484,0.1830233484506607,-0.12058514356613159,0.5397317409515381,-0.011564629152417183,0.9265727400779724,1.2043862342834473,-0.38764408230781555,1.4541871547698975,1.2306581735610962,0
0.020769037306308746,0.5437555909156799,1.2297228574752808,-0.013705797493457794,0.7600283622741699,1.217448353767395,1.1124258041381836,0.13631106913089752,1.0549808740615845,0.777202844619751,0.024434320628643036,1.490427017211914,0.11687754839658737,-0.4660976231098175,-0.217035174369812,1
0.5407873392105103,-0.7651115655899048,-0.001812295289710164,0.9527167081832886,0.7702545523643494,1.2050317525863647,1.5431278944015503,0.8455075621604919,0.425708532333374,-0.23277050256729126,-0.3338225483894348,1.0294959545135498,0.2111821174621582,1.713669776916504,1.0663143396377563,0
-0.3633967936038971,-0.046209916472435,0.2380649447441101,0.3534875810146332,-0.1264747530221939,1.178520679473877,-0.32944628596305847,0.30535244941711426,1.256248950958252,-0.026517368853092194,-0.17186753451824188,1.3657293319702148,0.5597992539405823,1.2623168230056763,1.1072661876678467,0
-0.008909430354833603,-0.6472805142402649,0.18649308383464813,-0.0465693324804306,0.12209378927946091,1.13792884349823,0.8145603537559509,1.2745894193649292,-0.9309565424919128,1.2355003356933594,0.1905757337808609,0.5776642560958862,-0.3069683909416199,1.4586836099624634,1.2376786470413208,0
0.2591315507888794,0.9377370476722717,1.0145412683486938,0.19785508513450623,1.3148657083511353,0.13680416345596313,1.453065276145935,-0.7489891052246094,1.0032423734664917,-0.5405782461166382,0.42296135425567627,0.306233674287796,1.0909693241119385,0.6245776414871216,0.30733099579811096,1
-0.2571026682853699,-0.05740005522966385,0.873153567314148,-1.0772907733917236,0.08679158985614777,0.0849420428276062,-0.2275140881538391,0.811761736869812,1.1288295984268188,1.1266255378723145,0.07349018007516861,0.6009966731071472,0.9179896116256714,1.2636038064956665,0.9993970990180969,1
0.15408968925476074,-0.22096601128578186,1.3245272636413574,0.32989102602005005,-0.07696591317653656,1.3635135889053345,1.1317315101623535,1.2258466482162476,0.9327449202537537,0.09233276546001434,1.0064079761505127,0.4424660801887512,0.9038649201393127,0.3693598508834839,0.8728964924812317,1
0.042720552533864975,0.9935226440429688,-0.2458697259426117,-0.3328019082546234,-0.11730765551328659,1.2452312707901,0.7995436191558838,0.17161650955677032,1.4974706172943115,-0.4052751064300537,0.315033882856369,0.9825779795646667,1.039011001586914,-0.11684002727270126,0.4524221122264862,0
0.08480466902256012,1.1399078369140625,1.1078168153762817,1.4895353317260742,1.345872163772583,0.9528073072433472,1.3624430894851685,1.0354655981063843,0.8358988761901855,-0.24796274304389954,0.8243837356567383,0.24154800176620483,0.19035421311855316,0.6150040626525879,1.2795614004135132,1
-0.16282182931900024,-0.17153191566467285,0.7476133108139038,0.1755022555589676,0.16791903972625732,-0.2581328749656677,1.0020180940628052,0.3597817122936249,0.8579123020172119,-0.05079212784767151,1.040003776550293,1.0285322666168213,0.9898330569267273,0.21034061908721924,1.3749768733978271,1
0.12864547967910767,-0.4961155652999878,1.6062800884246826,-0.14729617536067963,0.7335276007652283,-0.18636640906333923,0.9209713935852051,0.4597891867160797,-0.029855312779545784,1.0541213750839233,0.22042369842529297,-0.39040902256965637,-0.1231713816523552,-0.020673125982284546,0.37421664595603943,1
0.25631487369537354,0.4298202097415924,1.277381420135498,-0.2849659025669098,0.5781495571136475,1.0490999221801758,0.45518678426742554,1.2364009618759155,1.480367660522461,1.0592753887176514,0.3103099465370178,0.049356043338775635,1.4121394157409668,0.2189175933599472,0.8446102738380432,1
-0.30469679832458496,-0.38650524616241455,0.9992615580558777,0.8016195893287659,1.0457448959350586,1.5023417472839355,0.8790236711502075,0.876846969127655,-0.13868150115013123,0.23954391479492188,0.6211764812469482,-0.4734141230583191,0.23076362907886505,0.09060833603143692,-0.16452887654304504,1
0.4268531799316406,0.0008732754504308105,0.00026119736139662564,1.025099754333496,0.8206480145454407,0.9030839800834656,0.12697374820709229,0.7956459522247314,-0.03754229098558426,-0.13722927868366241,0.12909045815467834,0.4903823435306549,0.1765841394662857,-0.41864871978759766,-0.07508297264575958,0
0.2404426634311676,-0.16959910094738007,1.2361888885498047,0.756990909576416,0.8060702085494995,-0.42028287053108215,-0.4580385684967041,1.3773747682571411,1.7795534133911133,1.5223135948181152,1.3553217649459839,-0.09623241424560547,-0.013345547020435333,0.9328643083572388,0.0013313848758116364,1
-0.48166751861572266,0.13076652586460114,0.9513826370239258,1.4265203475952148,1.5395643711090088,0.786231279373169,0.6649425625801086,0.7091773152351379,-0.2512035071849823,0.17165851593017578,0.14734548330307007,1.3809783458709717,0.2355557680130005,0.800751268863678,1.1856040954589844,1
0.27336812019348145,-0.03378191217780113,1.2746789455413818,1.2631357908248901,1.3462181091308594,1.0459048748016357,0.3086931109428406,-0.30540284514427185,0.8839057087898254,1.131990671157837,1.4678514003753662,1.099501609802246,-0.6554645895957947,1.4426014423370361,0.24594394862651825,1
0.5431159734725952,-0.04069734364748001,0.5080779790878296,0.8167890906333923,1.0219793319702148,0.024977991357445717,0.9288052916526794,1.215142846107483,0.08643252402544022,0.11828258633613586,-0.1798212230205536,-0.28214284777641296,0.015147276222705841,-0.09209363907575607,1.587666630744934,1
0.28876620531082153,0.3748900592327118,0.9192224144935608,0.8941264152526855,1.154565453529358,0.786927342414856,0.12980026006698608,-0.4149131178855896,0.5367342829704285,0.8423400521278381,0.24642890691757202,-0.022743891924619675,-0.13923849165439606,0.945712685585022,-0.07459668070077896,1
0.13626234233379364,-0.4456779360771179,-0.17102450132369995,-0.5301793217658997,0.22392944991588593,1.4999574422836304,0.5197672843933105,0.5471916198730469,-0.25067228078842163,0.0720868706703186,1.195303201675415,0.8967430591583252,-0.0491730198264122,-0.1787167191505432,-0.08149810135364532,0
-0.2115204632282257,0.7918151617050171,0.7503529191017151,0.2320903092622757,-0.04824194684624672,1.1948533058166504,1.3584940433502197,1.416971206665039,-0.30650800466537476,1.6263165473937988,0.988401472568512,1.0734672546386719,0.09262646734714508,-0.1450851559638977,0.7894600033760071,1
-0.2883017063140869,1.1756049394607544,-0.23328077793121338,-0.7068226337432861,0.9489769339561462,0.6785230040550232,1.2862772941589355,-0.3128434717655182,1.0118361711502075,0.36049404740333557,-0.16182361543178558,0.2729879915714264,1.0918910503387451,0.2815264165401459,-0.37471112608909607,0
-0.17625658214092255,-0.41764068603515625,0.8776756525039673,1.2168667316436768,0.4043225646018982,-0.2664310336112976,0.19362981617450714,1.281868577003479,0.9470697045326233,0.002281354507431388,0.9351806044578552,-0.10885990411043167,1.4059611558914185,-0.4777565598487854,-0.37345650792121887,1
0.1402377486228943,0.9675827026367188,1.0031304359436035,1.0110191106796265,0.30240437388420105,0.6264246106147766,1.3498069047927856,1.0564268827438354,-0.049671657383441925,0.3735673427581787,-0.15737982094287872,1.2171850204467773,1.2176249027252197,0.9189168214797974,1.4539034366607666,1
0.4454948306083679,0.28712740540504456,0.8421503305435181,1.0579400062561035,1.076626181602478,1.187071442604065,1.330168604850769,0.8798636794090271,-0.06581231951713562,0.47983911633491516,0.5228950381278992,0.8349993228912354,0.7713826298713684,-0.12127318978309631,0.9663277864456177,1
0.045616790652275085,1.0168861150741577,1.2536453008651733,0.9693539142608643,0.3257426917552948,0.8248331546783447,0.0006324989371933043,0.5847736597061157,1.378905177116394,0.06177821755409241,1.3815727233886719,0.5509663224220276,1.1688461303710938,0.24429640173912048,-0.10260757058858871,1
0.006630792282521725,0.7811551094055176,1.3154736757278442,0.6033114194869995,-0.3885650634765625,-0.5218399167060852,0.6526049375534058,1.0253795385360718,1.0945271253585815,-0.17187944054603577,0.9635940790176392,-0.18863707780838013,1.083124041557312,-0.028710411861538887,0.43074318766593933,1
-0.36339685320854187,-0.2794044613838196,-0.28387120366096497,-0.4494946002960205,0.4465029537677765,1.0256463289260864,-0.23902301490306854,0.24601063132286072,1.1530786752700806,0.20527835190296173,1.1137471199035645,1.8864470720291138,0.393752783536911,-0.06588134914636612,1.0470834970474243,0
0.09586846828460693,0.035334330052137375,0.8940473794937134,0.8380516767501831,1.1157549619674683,0.7973604202270508,-0.14619790017604828,0.3325764834880829,0.22944428026676178,-0.06350203603506088,1.0607047080993652,0.6946625709533691,0.7578717470169067,0.9349509477615356,1.53708016872406,1
0.09157528728246689,-0.02824508212506771,-0.3410361111164093,0.9012351632118225,1.0301859378814697,-0.0035198102705180645,1.4059700965881348,1.2521069049835205,0.7247650027275085,0.8380242586135864,0.8197867274284363,-0.013479401357471943,0.9889014363288879,0.5606682896614075,1.2337218523025513,0
0.17340140044689178,0.7701019048690796,-0.5422298908233643,0.7315696477890015,0.044297218322753906,0.9889653325080872,0.06697576493024826,-0.24424612522125244,0.945618212223053,-0.22000618278980255,-0.6312790513038635,-0.16148298978805542,1.2668180465698242,1.0208770036697388,0.003976830281317234,0
-0.5108312964439392,0.08715218305587769,-0.6423349976539612,0.09252545982599258,1.121226191520691,-0.01724901795387268,0.060856085270643234,0.7734298706054688,0.31556010246276855,1.2835073471069336,0.5282962322235107,1.6015596389770508,0.7973652482032776,1.3930079936981201,0.5045080780982971,0
0.11964026838541031,0.15334565937519073,0.058123812079429626,1.0873488187789917,0.7802297472953796,0.6350131630897522,0.9073081016540527,0.6934497952461243,1.1555171012878418,1.1036043167114258,-0.1292678266763687,0.10414750128984451,0.7515902519226074,0.9235594868659973,0.3953836262226105,0
0.1916988641023636,-0.26174381375312805,0.04245658963918686,-0.27151352167129517,0.7059081196784973,1.0257771015167236,0.17404156923294067,-0.16048327088356018,0.8330567479133606,0.6101945638656616,0.1088453084230423,0.7481322884559631,1.3208075761795044,0.2624985873699188,0.4128210246562958,0
0.10652198642492294,1.134598970413208,0.9670459628105164,-0.37897685170173645,1.162667155265808,0.6253225207328796,-0.035628799349069595,1.2720311880111694,-0.3415537178516388,0.9102571606636047,0.3813578486442566,0.6225329637527466,1.0531303882598877,0.7548653483390808,1.3088210821151733,1
0.26472678780555725,0.10253798961639404,-0.3790133595466614,-0.24687756597995758,1.1782147884368896,-0.22718991339206696,-0.48335790634155273,0.3988639712333679,-0.10934406518936157,0.5022785663604736,-0.23274147510528564,0.5206247568130493,0.3190291225910187,-0.08305706083774567,1.0652036666870117,0
-0.44460418820381165,1.0495450496673584,-0.33835500478744507,0.6769099831581116,1.2046136856079102,-0.14173659682273865,1.107725977897644,1.102466106414795,1.0227669477462769,1.0817385911941528,1.1739214658737183,0.2557425796985626,1.247083306312561,1.329149603843689,1.289160966873169,0
0.29341793060302734,0.4263479709625244,0.3220711052417755,0.2871336340904236,0.10348884016275406,0.3158285617828369,0.8014255166053772,-0.48356950283050537,0.23578327894210815,0.4324150085449219,0.005491422954946756,-0.32494786381721497,1.0508568286895752,-0.13674116134643555,0.28100520372390747,0
-0.16354838013648987,1.4051740169525146,1.1567155122756958,0.8691002130508423,0.272366464138031,1.3302931785583496,-0.22937551140785217,0.4754897356033325,0.21379634737968445,-0.1656254231929779,-0.04345931485295296,0.31808438897132874,1.1591296195983887,-0.2444203644990921,0.24950115382671356,1
0.1735203117132187,1.1497130393981934,0.9271892309188843,0.9839354157447815,-0.14791467785835266,-0.30877044796943665,0.9485554099082947,0.6697354912757874,0.9061141014099121,0.16076700389385223,-0.15627826750278473,0.8225789666175842,-0.008178488351404667,1.4509353637695312,0.285527765750885,1
-0.19857506453990936,0.44588571786880493,1.2162911891937256,0.2605034112930298,-0.10479102283716202,0.15961800515651703,-0.35467422008514404,0.15119826793670654,0.2877023220062256,0.7292271852493286,-0.31774523854255676,0.9790219068527222,1.282830834388733,-0.23556289076805115,0.2023918777704239,1
-0.10480818152427673,0.9014973640441895,-0.036910369992256165,0.1461535096168518,0.007984892465174198,-0.6503183841705322,-0.4049709737300873,-0.06040611490607262,1.423233985900879,1.2374507188796997,0.06875111907720566,1.232828140258789,0.25108930468559265,-0.45785778760910034,0.2942274808883667,0
-0.030136601999402046,-0.17675581574440002,0.7756746411323547,0.8328461647033691,0.19511198997497559,0.1277313381433487,1.1591402292251587,0.5418446660041809,0.045103032141923904,0.32696521282196045,-0.4142633080482483,1.0189250707626343,-0.14399322867393494,0.04284926876425743,0.40262800455093384,1
0.22082041203975677,-0.41966018080711365,-0.057196445763111115,0.6095895171165466,0.3793787360191345,0.09456303715705872,-0.07172077149152756,1.5200754404067993,-0.006785461213439703,0.8776682615280151,0.29260683059692383,0.7406818866729736,0.8980274796485901,-0.1726061850786209,1.5887956619262695,0
0.3093377649784088,0.32459214329719543,0.9393021464347839,-0.2012692242860794,-0.21934017539024353,-0.40711963176727295,0.8870652318000793,1.4255948066711426,0.15877796709537506,0.8276228308677673,1.1621723175048828,-0.018872449174523354,0.03724075108766556,0.19807490706443787,1.1168512105941772,1
0.3907742202281952,0.921530544757843,1.1190637350082397,-0.018407350406050682,0.038107674568891525,0.5591968894004822,-0.22035712003707886,1.2055060863494873,1.1006548404693604,0.37087976932525635,0.8004711866378784,0.7276270985603333,1.7372348308563232,-0.18261650204658508,0.5439476370811462,1
0.11667042970657349,0.8722869753837585,0.2433498054742813,1.1095162630081177,0.5914570093154907,-0.5468569993972778,1.3146121501922607,1.0780171155929565,1.1559715270996094,0.8669912219047546,-0.01795155555009842,0.8527787327766418,0.9686601161956787,0.1926881968975067,0.4667181074619293,0
-0.08191688358783722,1.2211976051330566,-0.21886709332466125,0.6578603982925415,-0.35456204414367676,-0.3250272572040558,0.38715073466300964,-0.1682072877883911,0.978047788143158,-0.13174384832382202,0.0714949369430542,0.9158778190612793,1.165781855583191,1.1610137224197388,0.08231371641159058,0
0.15229910612106323,0.8744150400161743,-0.23834393918514252,1.030700445175171,1.1988364458084106,-0.03332286700606346,0.9562253355979919,0.5631861686706543,0.5264881253242493,0.10421936213970184,0.02956227771937847,-0.13713112473487854,-0.541262149810791,-0.29199424386024475,0.7958391904830933,0
0.17256489396095276,0.26380470395088196,-0.17339009046554565,0.840347409248352,1.2253212928771973,-0.4125821590423584,-0.5318815112113953,-0.3526584506034851,-0.13840018212795258,-0.030191579833626747,-0.19127464294433594,0.2145671397447586,0.6570616364479065,0.3212602436542511,0.3932942748069763,0
0.010318069718778133,0.4124988317489624,0.1449541598558426,1.142418384552002,1.5759422779083252,1.1099728345870972,0.16653496026992798,1.0897403955459595,0.029371844604611397,-0.2141672521829605,0.7281952500343323,-0.03815340995788574,1.1849530935287476,0.013178988359868526,1.3211709260940552,0
0.10309284925460815,0.32082444429397583,0.6414781808853149,0.21405214071273804,0.1220313236117363,-0.03392774239182472,0.3818986415863037,0.6437981128692627,-0.10692772269248962,-0.45479774475097656,0.41472890973091125,-0.3569074273109436,0.5171853303909302,-0.14118489623069763,1.1297861337661743,1
-0.5660200715065002,-0.4148613512516022,-0.26496651768684387,0.043048419058322906,0.10985330492258072,0.0999448299407959,-0.6876047253608704,1.402847409248352,0.6694013476371765,0.6669908165931702,-0.25386545062065125,0.6666347980499268,1.03415846824646,0.05581336095929146,0.052401576191186905,0
0.3550760746002197,0.6760416626930237,0.05425993353128433,0.9947968125343323,0.9936517477035522,0.5946066975593567,-0.27654680609703064,0.5384177565574646,-0.030962219461798668,0.1524660736322403,-0.20459967851638794,1.204642415046692,1.1687406301498413,0.19512306153774261,-0.06693632155656815,0
-0.07211973518133163,1.0337059497833252,-0.4907437562942505,0.6402071118354797,-0.43868687748908997,1.0428105592727661,-0.02763589285314083,0.10660171508789062,0.157100647687912,0.1456349790096283,0.9607330560684204,1.2329638004302979,0.38428524136543274,-0.14769506454467773,0.33027389645576477,0
0.7357957363128662,0.9131914973258972,-0.3027791976928711,1.292180061340332,0.18189267814159393,0.27462589740753174,0.9217545986175537,0.9373587965965271,1.5166574716567993,0.7784830927848816,0.21922191977500916,0.16714462637901306,0.9874007105827332,1.3606858253479004,1.0159814357757568,0
0.5053188800811768,-0.11529924720525742,1.2859323024749756,-0.2751385271549225,1.5916180610656738,0.5202069878578186,0.6009393334388733,-0.07437790185213089,0.8436122536659241,0.2655758559703827,1.021239995956421,-0.10985518991947174,1.3021703958511353,0.04518767073750496,-0.19569583237171173,1
0.09770014137029648,0.8053838610649109,0.6477634906768799,1.0713261365890503,0.09013856947422028,0.8478463292121887,0.8673461079597473,1.0308116674423218,-0.287373811006546,1.3523591756820679,-0.1593349277973175,0.8972952365875244,0.8135846257209778,1.2808760404586792,0.3222154974937439,0
-0.5001808404922485,0.08321437239646912,-0.19030748307704926,0.6761347055435181,-0.6236236095428467,0.66497403383255,-0.003830828471109271,0.2713050842285156,-0.23407629132270813,0.8816596269607544,0.7892599105834961,0.4440823197364807,0.14709588885307312,1.2496752738952637,1.4921497106552124,0
-0.26144978404045105,-0.30421116948127747,0.1919040083885193,0.7055058479309082,-0.13090482354164124,0.9822764992713928,0.5995123982429504,-0.3350611925125122,1.2582132816314697,0.31498366594314575,1.2557369470596313,1.2412748336791992,0.3394985496997833,-0.5262065529823303,1.0364775657653809,0
-0.666348934173584,0.7313822507858276,-0.14351582527160645,0.006836909335106611,0.07723236829042435,-0.2041645348072052,0.48610445857048035,0.3693547248840332,-0.5114697813987732,-0.26579123735427856,-0.11029232293367386,0.23126220703125,0.7453214526176453,0.828497588634491,-0.5433388948440552,0
0.3931409418582916,0.14718835055828094,0.9232239723205566,0.5965477228164673,0.8793730139732361,1.2470831871032715,-0.037894509732723236,0.04051479324698448,0.37640729546546936,0.9771873950958252,0.2068042904138565,-0.3571196496486664,-0.09924346208572388,0.7068399786949158,0.2964107096195221,1
0.2739766240119934,0.05670127645134926,0.956570029258728,-0.2976450026035309,1.1206252574920654,0.7938452959060669,0.5132567286491394,0.716853678226471,0.5648106932640076,0.3866744935512543,-0.207990363240242,-0.28584155440330505,0.9495437741279602,0.7422200441360474,1.2109639644622803,1
0.3588637113571167,0.6235953569412231,-0.04017212241888046,1.244939923286438,0.78531813621521,0.84013831615448,0.9150220155715942,0.4034179747104645,0.12450917065143585,0.9790074229240417,1.136709451675415,0.8270253539085388,0.9693406224250793,0.9152283668518066,0.0438469760119915,0
0.5822536945343018,0.07116026431322098,0.9713147282600403,-0.2865898907184601,-0.19850975275039673,0.08185438811779022,-0.17482779920101166,1.2293790578842163,0.004384711850434542,-0.14230015873908997,1.1708585023880005,1.382655382156372,-0.0711287409067154,-0.3390975296497345,0.14092081785202026,1
0.01948232203722,0.17788273096084595,0.4546862542629242,-0.06802273541688919,0.9312239289283752,0.8921924829483032,-0.6723169088363647,1.1159523725509644,1.4585226774215698,1.117772102355957,0.34867241978645325,0.16777403652668,1.2114760875701904,-0.03161698952317238,-0.5663534998893738,0
-0.20206384360790253,-0.16709968447685242,0.3170364797115326,0.7874029278755188,0.8828282952308655,-0.11135255545377731,0.14044570922851562,0.2551378309726715,1.1815065145492554,-0.0340472087264061,0.8748791813850403,1.3580042123794556,0.8133665919303894,0.24225090444087982,-0.0710444301366806,0
0.2768625020980835,0.1329440474510193,0.7063236236572266,-0.23653368651866913,0.2530030906200409,-0.19537270069122314,0.23845849931240082,-0.7728414535522461,0.9591701030731201,0.19519518315792084,1.1096657514572144,0.9987224340438843,-0.141168475151062,0.8109416961669922,0.9086761474609375,1
0.06697157025337219,0.792041540145874,-0.12745946645736694,1.4844621419906616,0.7740974426269531,-0.14039544761180878,-0.24026915431022644,-0.23221394419670105,-0.15316131711006165,1.3437752723693848,1.1633466482162476,0.05577749386429787,0.2170853614807129,0.3532068729400635,0.13381154835224152,0
-0.04412201792001724,0.2899743914604187,-0.31191661953926086,1.173674464225769,0.5943213105201721,1.0573604106903076,1.1223742961883545,-0.3654777705669403,0.2064141184091568,0.7623275518417358,0.49090641736984253,-0.2842028737068176,1.0628176927566528,1.0350769758224487,0.7243971228599548,0
0.3620752990245819,-0.2138000875711441,1.2808563709259033,0.7895206809043884,1.1459026336669922,1.2653864622116089,1.302480936050415,-0.0024160705506801605,1.012232780456543,-0.3780742287635803,0.23330560326576233,0.7461690902709961,0.020337237045168877,0.9144160747528076,0.10056175291538239,1
-0.0713411420583725,0.37647944688796997,-0.10205370932817459,0.643906831741333,0.13255028426647186,0.12609347701072693,0.23074547946453094,-0.07632593810558319,0.8366403579711914,0.8871039748191833,1.1051812171936035,1.972398042678833,-0.5429680943489075,1.0132086277008057,0.08012501895427704,0
-0.06377898901700974,0.9752092957496643,0.3390066921710968,0.3152734339237213,0.7866883277893066,-0.12456918507814407,-0.45806804299354553,0.015764154493808746,1.3186370134353638,0.35199782252311707,0.8479471206665039,0.8281540274620056,1.1872992515563965,-0.15819458663463593,0.9187598824501038,1
0.3167094588279724,1.0910847187042236,0.7491974234580994,1.2950749397277832,-0.5503873229026794,0.7287132143974304,-0.30978795886039734,0.08087083697319031,-0.09198710322380066,1.0696604251861572,-0.21166297793388367,1.3127044439315796,0.020920343697071075,1.3103934526443481,1.170332431793213,1
-0.12322839349508286,-0.18798603117465973,0.2164221853017807,-0.6014041900634766,0.6628140807151794,1.1683552265167236,-0.11790169030427933,-0.017678450793027878,0.8870844841003418,-0.23187901079654694,-0.03422589227557182,0.8795617818832397,-0.13542085886001587,0.7809364199638367,1.3623360395431519,0
-0.30005550384521484,1.1426550149917603,1.1766306161880493,0.190671905875206,0.6528312563896179,-0.03132018446922302,1.0154255628585815,0.3133106529712677,-0.11201640963554382,0.10577680170536041,1.5108122825622559,-0.2889394462108612,0.30823367834091187,0.8752083778381348,0.9307261109352112,1
0.2979903817176819,0.998140811920166,0.2283804714679718,0.12118741869926453,-0.011003123596310616,0.6293668150901794,-0.10029126703739166,-0.34454473853111267,0.8462172150611877,1.2932319641113281,0.9599599838256836,1.0645607709884644,0.6651260852813721,0.44013136625289917,0.2636835277080536,0
-0.07256399840116501,-0.2324080914258957,0.8159362077713013,-0.13924944400787354,1.063349962234497,0.4384540021419525,1.144231915473938,0.10916995257139206,1.246956706047058,-0.07266800105571747,1.5491504669189453,-0.09515552967786789,0.6274501085281372,0.04477381706237793,0.08083770424127579,1
0.1496800035238266,-0.07686479389667511,1.0729379653930664,1.2029012441635132,-0.09292563796043396,-0.032077956944704056,0.219383105635643,-0.22280925512313843,-0.05720280483365059,1.4533883333206177,1.399396538734436,0.8539143204689026,0.2237083464860916,0.9839484691619873,-0.23911286890506744,1
-0.13851818442344666,0.22349026799201965,1.2566050291061401,0.9723902940750122,1.002114176750183,0.061441972851753235,0.48351287841796875,0.850213885307312,0.2591879367828369,0.07034476101398468,0.01682097464799881,-0.3006468713283539,1.3484219312667847,0.5158453583717346,0.8352261781692505,1
0.21456797420978546,0.7445446252822876,-0.20410525798797607,0.19091036915779114,0.9645023941993713,1.2726489305496216,0.996857225894928,-0.1658952534198761,1.0476409196853638,1.3047740459442139,-0.3916392922401428,1.4004521369934082,-0.013272219337522984,1.2389427423477173,0.5216012597084045,0
-0.36585304141044617,0.08377348631620407,0.8322489857673645,-0.5792844295501709,1.4671415090560913,0.616492509841919,1.3147332668304443,0.07633407413959503,1.3404171466827393,-0.1942969262599945,0.3119297921657562,-0.05276252701878548,0.7654443979263306,-0.2616384029388428,1.5000452995300293,1
-0.20312340557575226,1.0411962270736694,0.19342505931854248,0.1732666939496994,1.252628207206726,1.2647103071212769,0.09402655065059662,-0.08505070209503174,1.3421686887741089,1.2786656618118286,1.0583330392837524,0.05351661518216133,0.812140703201294,-0.33112508058547974,0.07353342324495316,0
-0.11256285756826401,-0.36396124958992004,-0.34629151225090027,0.2548692226409912,1.4127482175827026,-0.11014009267091751,-0.2608741223812103,-0.1105487123131752,1.3313249349594116,0.9841154217720032,-0.27789339423179626,0.44796767830848694,1.167668104171753,0.3183600604534149,0.8167049288749695,0
0.04275030270218849,0.003095526248216629,-0.049114953726530075,0.5785424709320068,1.565484642982483,0.34322696924209595,1.330359935760498,0.8325632810592651,0.07191184908151627,-0.32291340827941895,1.3094078302383423,0.1670343428850174,0.8332979083061218,0.17046789824962616,-0.3829481899738312,0
-0.20664651691913605,0.7825217247009277,0.7121334075927734,-0.4045904278755188,-0.039857495576143265,0.42171627283096313,1.2724008560180664,-0.04891546070575714,0.9143792986869812,0.19167469441890717,0.10353463888168335,-0.19053566455841064,1.1881555318832397,0.7075443863868713,-0.1784742772579193,1
-0.13351185619831085,-0.23447823524475098,-0.21042713522911072,0.7677167057991028,-0.15650378167629242,0.4824889898300171,0.2067221999168396,1.204968810081482,1.5732040405273438,1.3311702013015747,1.207059621810913,0.46770423650741577,0.30619189143180847,0.1459866166114807,-0.13725289702415466,0
-0.038726553320884705,1.185941219329834,0.6360558867454529,1.4279255867004395,0.14945879578590393,0.33675745129585266,1.1673266887664795,1.19109308719635,0.6762881875038147,0.21924179792404175,1.170332670211792,0.26235896348953247,-0.3102167844772339,-0.09138660877943039,0.614026665687561,0
0.12538154423236847,-0.07500710338354111,1.1580369472503662,0.35700592398643494,0.578353226184845,1.1074117422103882,1.2376396656036377,0.9533427357673645,1.0411533117294312,0.2228405922651291,-0.14491480588912964,-0.3970363140106201,0.3942067623138428,0.26719099283218384,0.7788683176040649,1
-0.28816473484039307,0.9483011960983276,1.157829999923706,0.80917888879776,-0.11746320128440857,1.1618216037750244,0.1975608766078949,0.299489289522171,0.3642941117286682,-0.2914575934410095,1.368265986442566,0.780620813369751,0.9186174869537354,0.3994259834289551,0.9825431704521179,1
-0.18035449087619781,1.2730282545089722,-0.15553516149520874,0.7693017721176147,1.283111810684204,0.13546733558177948,0.775738000869751,0.09749087691307068,0.6447002291679382,1.1762033700942993,0.7340871691703796,0.872586190700531,0.7523130774497986,-0.1198219284415245,1.0640712976455688,0
-0.04776168242096901,-0.4653815031051636,-0.17715974152088165,1.160598874092102,0.4856031537055969,1.1702276468276978,0.5988079905509949,-0.03474866598844528,0.9646904468536377,0.2119036465883255,1.3051555156707764,0.014958636835217476,-0.3266531229019165,1.288979172706604,-0.11910545825958252,0
0.1978066861629486,0.33805733919143677,-0.4548451006412506,0.9533330798149109,1.1287484169006348,-0.02245708368718624,1.1187635660171509,-0.019490424543619156,-0.3764657974243164,1.284698724746704,0.7474995851516724,0.15317875146865845,1.241521954536438,1.2059231996536255,-0.28903254866600037,0
-0.09449664503335953,0.28393566608428955,-0.2605801522731781,-0.09891568869352341,0.8708922266960144,0.19199658930301666,-0.23606419563293457,1.1973875761032104,1.4524505138397217,0.10165534168481827,1.5555264949798584,0.06858131289482117,-0.3751524090766907,-0.12004651874303818,0.8278802037239075,0
0.3397446572780609,0.7267951965332031,0.01604348048567772,0.7204713821411133,-0.052566442638635635,1.0976184606552124,-0.43254053592681885,1.2019771337509155,0.20032106339931488,1.2126425504684448,-0.1420585662126541,1.1905604600906372,0.0038141023833304644,0.5489110946655273,0.12496431171894073,0
-0.13124416768550873,0.6881718039512634,-0.3699073791503906,0.03862336650490761,0.137388214468956,1.0029189586639404,0.20720455050468445,0.17971423268318176,0.857700526714325,1.0589159727096558,-0.36069178581237793,-0.3944835662841797,0.7242327332496643,0.36086463928222656,-0.15917199850082397,0
0.4271449148654938,1.446906566619873,-0.2149774134159088,0.3534662425518036,-0.11889894306659698,-0.06553730368614197,0.25089216232299805,0.7166135311126709,1.0568983554840088,1.2677757740020752,-0.13532349467277527,0.5326737761497498,1.4029086828231812,1.1832908391952515,0.40388134121894836,0
0.11451486498117447,1.4295477867126465,-0.001883646473288536,0.9014200568199158,-0.24935311079025269,-0.21576890349388123,1.1827905178070068,1.1588636636734009,-0.014615257270634174,0.6688086986541748,-0.39071983098983765,0.11102726310491562,1.4878325462341309,1.113742470741272,0.04612317681312561,0
0.2116503268480301,1.4471007585525513,-0.12275831401348114,1.093521237373352,1.3698736429214478,1.0582127571105957,1.0045217275619507,0.2502763569355011,0.14960476756095886,0.5633056163787842,0.8393606543540955,0.5487681031227112,-0.4834997057914734,0.32036980986595154,0.8730443120002747,0
-0.20947951078414917,0.13256710767745972,0.9788937568664551,0.3474000096321106,1.32511568069458,0.03825134411454201,0.05218394473195076,0.8108630180358887,0.7738198637962341,0.28561702370643616,-0.6002474427223206,1.6045318841934204,-0.3426358997821808,0.7075950503349304,0.9759825468063354,1
-0.17696717381477356,0.2269429862499237,0.2537374794483185,0.8205112218856812,0.12354861944913864,1.0169916152954102,-0.1443791389465332,1.2851934432983398,0.402692049741745,0.7766830325126648,0.7811072468757629,-0.38032835721969604,-0.33842140436172485,1.199772834777832,0.7473289966583252,0
-0.06681817770004272,0.6036222577095032,0.04851290211081505,1.0362006425857544,0.07219403982162476,0.9043833017349243,-0.12869854271411896,0.14137808978557587,0.9960475564002991,0.6924633383750916,0.8953247666358948,0.46442410349845886,0.30388885736465454,0.3086796998977661,0.11356636881828308,0
0.08108018338680267,0.860045313835144,1.152289867401123,0.23721575736999512,0.8156859874725342,0.8658409714698792,0.6204937696456909,1.1205695867538452,-0.06481100618839264,0.007600720971822739,0.6180631518363953,-0.1969095915555954,0.5023136138916016,-0.1526586264371872,0.009282411076128483,1
0.05413250997662544,0.7250858545303345,-0.3946278989315033,-0.05449466034770012,0.27494749426841736,-0.39932793378829956,0.6191850304603577,-0.04781834036111832,1.21747624874115,1.2970143556594849,0.9837160706520081,-0.3485894799232483,-0.37472212314605713,-0.20983585715293884,0.4739089012145996,0
-0.07587092369794846,0.08069142699241638,1.1641604900360107,-0.16279979050159454,0.8654590249061584,1.1051099300384521,1.4741809368133545,0.5049326419830322,1.3332810401916504,1.4613174200057983,0.1876978725194931,1.2083176374435425,0.5708695650100708,1.340745449066162,0.3133679926395416,1
-0.31304147839546204,0.979604959487915,0.9432348608970642,-0.25676462054252625,0.06711022555828094,0.9624108672142029,1.0057098865509033,0.7953138947486877,1.5254392623901367,0.16556955873966217,0.9881206750869751,-0.2391614317893982,0.8664557337760925,1.0411099195480347,1.1965824365615845,1
0.28339436650276184,0.5357184410095215,0.9593233466148376,0.45027175545692444,0.11759364604949951,1.4570204019546509,1.2362641096115112,1.104546308517456,-0.36394792795181274,0.20538315176963806,1.4453117847442627,-0.48550984263420105,1.1220306158065796,-0.16753868758678436,0.5365477800369263,1
-0.3662663996219635,0.8262748718261719,-0.028560932725667953,0.9738050103187561,0.7359673976898193,1.262700080871582,0.9797963500022888,0.13160833716392517,0.7302786707878113,1.2242621183395386,0.8842856287956238,1.2948877811431885,1.159404993057251,1.0410442352294922,0.9559358358383179,0
0.11671347916126251,1.423124074935913,-0.12865902483463287,1.197812795639038,0.6563495397567749,-0.4805023670196533,1.2735050916671753,1.0505582094192505,-0.22507165372371674,1.5170761346817017,-0.7445782423019409,0.813589334487915,1.1110535860061646,1.0350265502929688,1.264582872390747,0
0.09664154052734375,-0.2995603680610657,1.2226312160491943,0.03736628592014313,1.000523328781128,1.0096409320831299,-0.15920858085155487,0.4542599022388458,1.117423415184021,0.17103223502635956,0.10814010351896286,-0.10180480033159256,0.6011961102485657,0.9681356549263,0.3922516405582428,1
-0.41850927472114563,0.060055021196603775,1.27244234085083,1.238806962966919,0.3120650053024292,1.3906075954437256,1.075670599937439,1.2919299602508545,0.40643611550331116,0.12746191024780273,0.016209058463573456,-0.542387843132019,-0.3508339822292328,0.4746217727661133,-0.3985666334629059,1
-0.16303563117980957,1.232864260673523,-0.22837498784065247,0.2599054276943207,1.6860809326171875,0.8361496925354004,1.2560982704162598,-0.16296954452991486,-0.2535507082939148,0.0912693664431572,0.05259076878428459,0.6507126092910767,0.6863351464271545,0.43651413917541504,1.3821659088134766,0
-0.14053872227668762,-0.009621200151741505,0.5575956106185913,1.4631963968276978,-0.0252153892070055,1.5135185718536377,1.0102587938308716,-0.5337297320365906,0.15423806011676788,0.7234702706336975,1.1491780281066895,-0.04265708103775978,0.8364207744598389,0.9504845142364502,-0.40939149260520935,1
0.006587607320398092,-0.13724887371063232,1.37442147731781,1.2064238786697388,1.2169991731643677,-0.08823103457689285,1.2179770469665527,-0.15430641174316406,1.1720483303070068,1.1699256896972656,-0.44865214824676514,0.9651342630386353,0.7352991104125977,-0.27350279688835144,1.1176869869232178,1
-0.005792274605482817,-0.20355956256389618,-0.2103131264448166,0.1825534999370575,0.18372730910778046,0.5678806304931641,-0.08305849879980087,-0.018308227881789207,0.11856668442487717,0.3837883770465851,1.2266663312911987,1.1596814393997192,-0.39494311809539795,0.1803436279296875,1.235252022743225,0
0.18735815584659576,-0.05329539254307747,0.8985670208930969,0.9922662973403931,-0.20448489487171173,0.16860522329807281,-0.09949592500925064,0.6842565536499023,1.0933343172073364,0.9802151918411255,-0.2715718150138855,0.35703611373901367,0.2708852291107178,-0.11504939198493958,0.11343160271644592,1
0.045214783400297165,0.03552306815981865,0.22577035427093506,-0.2455945760011673,0.4804433286190033,0.7469087839126587,0.188825324177742,1.0112632513046265,-0.4057457745075226,-0.1864643096923828,0.9434362053871155,-0.26299020648002625,-0.33796820044517517,0.8762580752372742,1.0766199827194214,0
0.05024518445134163,0.15913026034832,0.8028577566146851,0.012340021319687366,0.8719196319580078,-0.43649789690971375,1.15668523311615,1.1911745071411133,0.33982613682746887,1.2466450929641724,-0.2737463116645813,-0.3442806601524353,0.4464414715766907,0.08976957947015762,1.3359864950180054,1
0.3001634478569031,0.026149921119213104,-0.14886491000652313,0.012982470914721489,-0.25365185737609863,-0.07220930606126785,1.1337707042694092,-0.3662661612033844,-0.4558781385421753,0.8124896883964539,0.48674294352531433,-0.448551744222641,-0.04090141877532005,1.2208929061889648,-0.05777828022837639,0
-0.5569539070129395,-0.06900137662887573,0.2806234657764435,0.21287588775157928,0.9560819864273071,-0.11369280517101288,0.021111518144607544,-0.5351271629333496,1.200681209564209,0.20766058564186096,0.543193519115448,0.712607741355896,0.040297556668519974,0.11568675935268402,0.4258941411972046,0
-0.3833727538585663,-0.04532265663146973,1.1363693475723267,0.08563711494207382,0.940350353717804,-0.15380842983722687,-0.12696772813796997,0.208413764834404,-0.40210625529289246,0.16722336411476135,0.13387182354927063,0.683054506778717,-0.07666505128145218,0.7595309615135193,-0.002103880513459444,1
0.10996422916650772,-0.2213207334280014,0.7537359595298767,1.1357709169387817,-0.029859624803066254,1.2627252340316772,-0.1962704211473465,0.9705649018287659,0.5662188529968262,0.2663007080554962,-0.10678277909755707,-0.1409997195005417,1.528820514678955,0.5693109631538391,0.3913698196411133,1
0.028715800493955612,1.1432985067367554,0.4212385416030884,1.4999274015426636,1.1219133138656616,0.13882499933242798,0.3549104332923889,-0.08319713175296783,0.12023229897022247,0.8099338412284851,0.45936790108680725,1.2576489448547363,0.11316197365522385,-0.08691208809614182,0.033631086349487305,1
0.3704518675804138,1.5781322717666626,0.38076961040496826,0.6825673580169678,1.1293350458145142,-0.33062493801116943,1.327573537826538,0.445442795753479,0.28588181734085083,1.1286096572875977,0.2397434413433075,1.1993786096572876,1.435394048690796,0.45733222365379333,0.818049430847168,0
0.4286470115184784,0.8721209764480591,1.2462421655654907,0.7939197421073914,1.3351494073867798,0.8968997597694397,1.20687735080719,0.8576542139053345,0.36942237615585327,-0.018249809741973877,-0.2611337900161743,1.046383261680603,0.1198330819606781,0.3837783634662628,-0.34868502616882324,1
-0.37238213419914246,1.0394179821014404,0.8610336184501648,-0.007473637815564871,0.13100342452526093,1.3202217817306519,-0.17859996855258942,0.8050512075424194,0.23582305014133453,0.7067435383796692,-0.06024165824055672,0.020015405490994453,0.9915485978126526,0.015601929277181625,-0.17702385783195496,1
-0.04794495552778244,0.37534624338150024,1.4571046829223633,0.03616145998239517,0.9293591976165771,0.8655539751052856,1.2126730680465698,-0.002484244294464588,-0.04236004501581192,0.22560754418373108,-0.4325258135795593,-0.5003885626792908,1.1994333267211914,-0.2054145485162735,0.05813863128423691,1
0.21254271268844604,0.07318368554115295,0.4887692332267761,-0.145833820104599,0.6281275749206543,0.9019160866737366,0.03283318504691124,0.7763571739196777,0.08507003635168076,0.39179930090904236,0.44153866171836853,-0.48299258947372437,-0.1586999148130417,1.5598350763320923,0.5515798926353455,1
0.1907731294631958,1.3577070236206055,0.2974686920642853,0.11294873058795929,-0.5916557312011719,0.14004476368427277,-0.2323368340730667,1.6581376791000366,0.4997263252735138,-0.2981739640235901,1.395912528038025,1.3083148002624512,-0.04189932346343994,0.8847280144691467,-0.31795963644981384,0
-0.25955796241760254,0.8788201808929443,0.18912023305892944,0.27906641364097595,0.5458987951278687,0.36799344420433044,0.9629113078117371,1.0996692180633545,0.998954176902771,0.8173748254776001,-0.2612382471561432,1.0942366123199463,0.5120334029197693,0.8073614835739136,0.9029057025909424,0
-0.07569555193185806,1.0967415571212769,0.9047607183456421,0.9136214852333069,0.09569340199232101,0.818522036075592,0.8781572580337524,1.0270648002624512,1.2868101596832275,0.9024826288223267,-0.04590723291039467,1.2178540229797363,0.9112393260002136,1.1880230903625488,-0.33704322576522827,1
-0.19073498249053955,-0.04632911831140518,1.0177749395370483,-0.3719286620616913,1.1119935512542725,0.052670590579509735,1.2125730514526367,0.16035401821136475,0.11019254475831985,0.6732534766197205,1.1872516870498657,0.9284518957138062,0.020712746307253838,0.3747473955154419,0.2827064096927643,1
0.206320121884346,-0.1723492592573166,0.3087978959083557,-0.09066516906023026,1.0967763662338257,0.11987131088972092,-0.5328131318092346,1.2508292198181152,1.2551367282867432,0.7934738993644714,1.3466804027557373,0.6634847521781921,0.6216448545455933,0.10030343383550644,-0.610889196395874,0
0.036648184061050415,1.0442830324172974,1.1991633176803589,0.9489673376083374,-0.023036308586597443,-0.1358972042798996,-0.40199723839759827,0.43114614486694336,-0.026969218626618385,0.19398613274097443,-0.4183741807937622,1.4368680715560913,0.3027068078517914,0.5368112921714783,-0.15151506662368774,1
-0.30954527854919434,0.930497407913208,-0.09639707207679749,0.6420936584472656,0.177475705742836,1.1567152738571167,0.1037273183465004,1.227687954902649,1.6427662372589111,0.3249821960926056,1.519074559211731,0.9356724619865417,0.7395761609077454,-0.08231726288795471,1.143533706665039,0
0.2581497132778168,1.7215811014175415,0.20360282063484192,0.21847259998321533,-0.38685864210128784,1.384732961654663,2.0139265060424805,-0.231284499168396,-0.3405345678329468,1.3758901357650757,-0.1096038892865181,0.5586591958999634,0.12990474700927734,0.8963215351104736,1.3627066612243652,0
-0.2708088457584381,0.7522162795066833,-0.3219832479953766,-0.16832010447978973,0.07053381204605103,-0.35271701216697693,1.5212024450302124,-0.304584801197052,0.08598404377698898,1.5331858396530151,1.0236046314239502,-0.23909786343574524,-0.705919086933136,0.04190288484096527,-0.18791620433330536,0
-0.19725178182125092,-0.2854571044445038,-0.39818811416625977,-0.0024013000074774027,-0.061383966356515884,-0.04321728274226189,-0.39669328927993774,0.475624144077301,0.6582373976707458,-0.10329429805278778,1.2472214698791504,1.0025265216827393,0.22897832095623016,-0.01797262392938137,-0.39922404289245605,0
-0.004444066435098648,1.217747688293457,1.4710992574691772,1.2889199256896973,1.3749866485595703,0.0897027999162674,0.5546340942382812,1.3459748029708862,0.7211408615112305,1.0667937994003296,-0.18124879896640778,1.270653486251831,-0.25697988271713257,-0.14761747419834137,1.210930585861206,1
0.3107912242412567,0.9426796436309814,-0.1713457554578781,0.47396010160446167,1.0826270580291748,0.10604538023471832,-0.3349055051803589,0.9643213152885437,0.01301034726202488,1.1017459630966187,0.9707632660865784,0.870621383190155,1.175412893295288,-0.31318777799606323,1.2103835344314575,0
0.06502242386341095,-0.10059931874275208,-0.04580411687493324,0.37497398257255554,-0.06367307901382446,1.0744856595993042,0.6812915802001953,0.9109529256820679,-0.004267645068466663,1.2645294666290283,-0.167066290974617,0.9185221791267395,0.9916120767593384,1.1001570224761963,-0.28314295411109924,0
-0.20095665752887726,0.16114220023155212,1.7873746156692505,1.2147647142410278,-0.17677006125450134,0.31329643726348877,0.5365260243415833,1.1472657918930054,0.34950363636016846,0.19761686027050018,-0.23880635201931,1.1333431005477905,1.502824068069458,0.629852294921875,-0.4777165651321411,1
-0.2748143970966339,-0.38036009669303894,1.6433955430984497,0.18035101890563965,1.1192280054092407,-0.4472142457962036,1.2288427352905273,-0.5085917115211487,0.07957644760608673,0.20162975788116455,1.1053433418273926,0.16248482465744019,1.4191255569458008,0.6567808985710144,0.9793286919593811,1
-0.36001405119895935,0.46341970562934875,0.9977264404296875,0.3534356653690338,0.6114305853843689,0.18544277548789978,0.40648341178894043,-0.1252877414226532,-0.233086958527565,0.03406563401222229,0.4666438400745392,0.419697642326355,1.233182668685913,-0.3900132477283478,-0.2436397820711136,1
-0.4059136211872101,0.4840970039367676,0.4647785425186157,0.013958640396595001,1.303762435913086,0.7889138460159302,-0.23707859218120575,0.6558459997177124,-0.25108441710472107,-0.09916161745786667,1.2804853916168213,1.361257553100586,-0.4917287528514862,1.0462923049926758,0.9780779480934143,1
0.33088430762290955,0.05795631185173988,0.6591898798942566,-0.14523793756961823,1.1038113832473755,0.2706392705440521,0.8571841716766357,0.9599496722221375,-0.0488232858479023,-0.383841872215271,-0.13499799370765686,0.35405203700065613,1.083033800125122,0.7229018807411194,-0.18184587359428406,1
0.05856063961982727,-0.3682074546813965,1.092275619506836,-0.22793343663215637,0.2862088978290558,0.6924137473106384,1.09330415725708,1.0504016876220703,0.3799472451210022,0.8116330504417419,-0.5763790011405945,-0.006881947163492441,-0.44660380482673645,0.8864983320236206,0.06972550600767136,1
-0.3441169261932373,0.11929740756750107,-0.13472524285316467,-0.5197446942329407,0.11272484809160233,1.0187020301818848,1.185882568359375,-0.34059566259384155,0.8317362666130066,0.8529942035675049,0.43634819984436035,0.8831132650375366,-0.16823989152908325,-0.30595555901527405,0.5277654528617859,0
-0.12658768892288208,0.0996229350566864,1.0878181457519531,0.7613845467567444,1.1691910028457642,0.6870883107185364,-0.2056150734424591,1.2352464199066162,0.4130834937095642,0.3245176672935486,-0.4751357138156891,1.0049909353256226,1.2576055526733398,0.7907199859619141,1.2946521043777466,1
-0.19980402290821075,0.9371758103370667,0.6432883739471436,0.9094406962394714,-0.010221291333436966,0.11589181423187256,1.1263012886047363,1.0706404447555542,0.14662957191467285,0.9417271018028259,0.711635947227478,0.7856355309486389,0.8619577288627625,0.12609025835990906,1.3366060256958008,0
0.18354517221450806,-0.48164817690849304,1.1173793077468872,0.09351693093776703,0.5619173645973206,-0.7000501751899719,1.2290050983428955,-0.1952264904975891,-0.3301696479320526,0.7401828765869141,0.434486448764801,0.1563136875629425,-0.14568953216075897,1.2431566715240479,1.239229440689087,1
-0.030263004824519157,-0.11649706959724426,0.6302948594093323,0.1600441187620163,1.223386287689209,-0.6130641102790833,0.9534339904785156,-0.0223686620593071,1.3633147478103638,1.182869791984558,0.3802841305732727,0.07810728996992111,0.21781517565250397,-0.12404749542474747,-0.3655019700527191,1
0.027290547266602516,0.8918483257293701,0.7252553701400757,0.10347578674554825,1.2034064531326294,-0.46348199248313904,1.011599063873291,-0.2742904722690582,1.8715639114379883,0.021935829892754555,0.1426524817943573,0.8133876323699951,0.28480011224746704,0.13763169944286346,0.886297881603241,1
0.556062638759613,0.4257064759731293,0.9707910418510437,1.0997087955474854,-0.07439665496349335,1.1491600275039673,-0.01771315559744835,-0.24860721826553345,0.013384131714701653,0.28196728229522705,0.947761058807373,0.8563238978385925,0.6519203186035156,-0.16394805908203125,1.3796743154525757,1
-0.20516347885131836,0.4378960430622101,0.22582349181175232,0.2078647017478943,-0.11070916801691055,0.19613589346408844,1.3398653268814087,0.06191014498472214,-0.6100207567214966,-0.7081726789474487,-0.4308982789516449,0.5069720149040222,1.0547693967819214,1.2145177125930786,-0.1625041514635086,0
0.11473183333873749,0.8529635071754456,0.8710604310035706,0.8233575224876404,0.4805777072906494,0.31980839371681213,0.7534873485565186,1.2168010473251343,0.1040160283446312,1.1035486459732056,1.1132475137710571,-0.4113766551017761,1.4792704582214355,1.0439069271087646,0.7743634581565857,1
-0.07889525592327118,1.0779597759246826,-0.24573974311351776,1.499142050743103,1.6505024433135986,-0.05959761515259743,0.48759564757347107,1.6201258897781372,0.8526880741119385,0.9166795015335083,-0.4034363031387329,1.2303825616836548,-0.033845726400613785,0.33602526783943176,-0.01333628874272108,0
-0.20565779507160187,1.0284889936447144,1.036020278930664,-0.07283325493335724,0.4575234651565552,0.04026448726654053,1.3367652893066406,0.7624561786651611,1.7779874801635742,1.196092128753662,0.792784571647644,1.1287460327148438,-0.08184628188610077,1.3339312076568604,1.2080260515213013,1
0.13063623011112213,0.4132254123687744,0.7211312055587769,0.4816104769706726,-0.16687466204166412,0.028687112033367157,0.10213404893875122,1.4978089332580566,0.7687584161758423,0.31422919034957886,0.33117902278900146,0.2728812098503113,-0.438274621963501,1.205552577972412,0.08793075382709503,1
-0.05684025585651398,-0.11004632711410522,1.4976840019226074,0.9731322526931763,0.7117934226989746,0.6542062163352966,1.0560777187347412,-0.07160498201847076,0.012926609255373478,1.350576400756836,-0.0670081302523613,0.9319178462028503,0.9182398319244385,0.25764092803001404,-0.2791751027107239,1
0.16241951286792755,1.473372220993042,0.9898309111595154,0.07224680483341217,0.8862876296043396,1.0748796463012695,0.8671141862869263,-0.22144430875778198,-0.4187241792678833,0.2556508183479309,1.2728129625320435,1.0325638055801392,0.9906007051467896,1.7197084426879883,1.6246960163116455,1
0.6247460246086121,0.6328431963920593,0.24953916668891907,1.093233585357666,0.5411333441734314,-0.13909362256526947,0.8951530456542969,0.03896605968475342,0.11441918462514877,0.13083381950855255,1.1392256021499634,1.3902231454849243,-0.2944337725639343,1.0856800079345703,0.5921235084533691,0
0.10124465078115463,0.043854862451553345,1.0994527339935303,-0.035991914570331573,0.8151630163192749,0.6757677793502808,0.05372343957424164,-0.11099519580602646,0.6412804126739502,0.9565858840942383,0.27241602540016174,-0.23293441534042358,0.8827954530715942,-0.132436603307724,-0.08393289893865585,1
-0.0029862867668271065,1.11997652053833,0.0072193150408566,0.7609850168228149,1.1752139329910278,0.11317632347345352,0.9942692518234253,1.1635230779647827,0.9900917410850525,-0.3526979386806488,1.1594551801681519,1.2162466049194336,0.5379154086112976,1.5669832229614258,-0.0042780558578670025,0
0.4284197688102722,-0.27766263484954834,0.09427870064973831,-0.4892905056476593,1.0301668643951416,1.515152096748352,1.2626029253005981,-0.0922195240855217,0.42393288016319275,0.016068564727902412,0.2595086097717285,-0.23739217221736908,1.2439886331558228,0.2881614565849304,-0.2682347893714905,0
0.07579571008682251,1.324319839477539,0.21722160279750824,0.23576341569423676,0.9501066207885742,0.6564038395881653,0.994699239730835,-0.6457415223121643,1.021856665611267,-0.3124149739742279,1.1793574094772339,1.6117497682571411,1.0906821489334106,1.23667573928833,0.744166910648346,0
-0.47632235288619995,-0.0962316170334816,0.9788484573364258,0.9022061824798584,0.16101373732089996,1.6640212535858154,-0.19130481779575348,-0.3224003314971924,0.8648969531059265,-0.513744056224823,0.8723625540733337,0.11718642711639404,1.5261322259902954,-0.12056150287389755,1.0841710567474365,1
0.2983495891094208,-0.27724239230155945,-0.19263014197349548,-0.04225539788603783,1.1507853269577026,-0.14445677399635315,0.0752672478556633,1.1595419645309448,1.1123183965682983,0.08328773081302643,1.0956122875213623,-0.47313281893730164,-0.030033638700842857,0.1604773849248886,1.2702618837356567,0
0.03620173782110214,1.0662455558776855,0.05777328461408615,0.7374182939529419,0.4690321981906891,0.9345099925994873,0.013329564593732357,-0.2146364450454712,-0.13203443586826324,-0.07052101939916611,1.037000298500061,0.8692784905433655,1.4031314849853516,1.1446948051452637,-0.10125252604484558,0
-0.42452579736709595,0.8886851072311401,0.5607147216796875,-0.007601426914334297,-0.08701258152723312,-0.2180800586938858,-0.14098212122917175,0.9635672569274902,0.7561022043228149,0.7763962745666504,0.2720472514629364,0.8895378112792969,0.718928337097168,1.0652750730514526,1.144971489906311,1
-0.14051271975040436,0.10488514602184296,-0.008539914153516293,1.6184630393981934,1.1029285192489624,1.3750267028808594,-0.2729502320289612,0.35681700706481934,-0.140000119805336,-0.11103266477584839,1.2312673330307007,0.3550218641757965,1.266233205795288,1.215226411819458,0.7074235677719116,0
0.6003509163856506,0.012428294867277145,-0.35208365321159363,0.6728842854499817,0.07512656599283218,1.1934336423873901,0.7291960716247559,0.06239575147628784,0.8942959904670715,0.26392030715942383,0.321180135011673,0.14107906818389893,0.35031619668006897,0.00779807660728693,0.11852647364139557,0
-0.3311053514480591,0.15097402036190033,1.160125494003296,1.0334728956222534,0.16102229058742523,-0.07223618030548096,-0.5107477307319641,0.7108597159385681,0.6177887916564941,-0.28201478719711304,-0.03935738280415535,1.0562714338302612,0.4321969151496887,1.1612460613250732,0.2379908412694931,1
-0.6026022434234619,-0.05457181856036186,0.07858449220657349,1.3906996250152588,0.04341138154268265,-0.18352025747299194,0.6671456098556519,-0.5884801745414734,0.2202305942773819,0.016284117475152016,0.027679212391376495,0.8992933630943298,-0.0065233237110078335,1.258237600326538,1.6443073749542236,0
-0.590546727180481,0.30738136172294617,1.4862909317016602,-0.20084697008132935,0.8820014595985413,0.849136233329773,0.6413339972496033,1.0351228713989258,1.0587375164031982,1.4185197353363037,1.0354033708572388,0.12230925261974335,0.023370252922177315,0.8663054704666138,1.5395780801773071,1
-0.45792847871780396,-0.39506474137306213,0.23584628105163574,-0.02099791169166565,0.12001774460077286,-0.05742045119404793,0.7231796383857727,0.1904369443655014,1.0947270393371582,-0.5706709027290344,0.648762047290802,0.34324076771736145,1.0340338945388794,0.677054226398468,0.8666657209396362,0
0.33479589223861694,1.2301051616668701,1.0142631530761719,0.9333724975585938,0.9446811079978943,-0.5428326725959778,1.01393461227417,1.1626206636428833,-0.11935162544250488,0.30731192231178284,1.4683269262313843,0.814655065536499,-0.010506367310881615,0.8165667653083801,-0.028400307521224022,1
0.6694812178611755,1.1195958852767944,0.37275752425193787,1.2580074071884155,0.30582955479621887,-0.2607654333114624,-0.10855492949485779,-0.1895546168088913,0.8647472858428955,0.08282039314508438,0.34362128376960754,1.4230983257293701,1.29604172706604,0.3466830849647522,-0.004638295620679855,0
-0.0404997281730175,0.823715090751648,0.23258604109287262,1.1171777248382568,0.8750793933868408,0.8664749264717102,-0.06963078677654266,0.16402670741081238,-0.22831924259662628,-0.15458649396896362,0.9044786095619202,-0.30321192741394043,0.6089015007019043,0.15994341671466827,0.955289900302887,0
-0.2718329131603241,0.7045642733573914,-0.1917792409658432,0.8255109190940857,1.262434720993042,1.2902055978775024,0.7623822093009949,0.8367988467216492,-0.5710539817810059,0.12616710364818573,0.9775608777999878,0.4066619277000427,-0.060950133949518204,1.1228595972061157,1.1180689334869385,0
0.2794739902019501,0.7162038683891296,-0.7223338484764099,0.9368497729301453,0.4974725544452667,1.0943242311477661,-0.08244657516479492,0.6260471343994141,-0.13199728727340698,0.4233045279979706,-0.28567564487457275,0.5449309349060059,0.8033955693244934,0.9167605638504028,1.319165587425232,0
0.28148335218429565,0.7784788012504578,0.1761000156402588,0.07809263467788696,0.06970153003931046,1.5649477243423462,1.2107059955596924,-0.051128070801496506,0.9515856504440308,-0.40316396951675415,0.9570785164833069,-0.19417285919189453,0.9433978199958801,-0.013855311088263988,-0.4740511178970337,0
0.23830845952033997,1.4464839696884155,0.7048760056495667,0.8885151743888855,-0.4133606255054474,1.2512340545654297,0.9173903465270996,-0.12207520753145218,1.3266099691390991,1.3117109537124634,-0.11657731980085373,0.7346634864807129,1.0833733081817627,1.062079906463623,0.13533610105514526,1
0.17105253040790558,0.28111496567726135,1.165450930595398,-0.031097974628210068,0.03492453694343567,0.632876992225647,-0.09569785743951797,0.9844607710838318,1.028693437576294,0.10840616375207901,-0.42089828848838806,0.06837429851293564,0.5062955021858215,0.5980892777442932,1.1041460037231445,1
-0.0777258351445198,0.3883040249347687,0.2650890350341797,-0.0174361914396286,0.7406377196311951,0.43206581473350525,0.1553942859172821,0.9241348505020142,-0.1607118397951126,1.2064279317855835,-0.11903351545333862,0.01803174428641796,1.2127405405044556,1.2176933288574219,-0.3631262481212616,0
-0.24413123726844788,0.8736671209335327,0.305370032787323,1.1781259775161743,0.15727952122688293,0.08300496637821198,0.03764760494232178,1.146752953529358,0.8492238521575928,1.0500632524490356,-0.6526310443878174,0.4591400623321533,-0.20791538059711456,1.0787261724472046,1.0110660791397095,0
0.37428054213523865,-0.05835067108273506,0.23989731073379517,0.21482689678668976,-0.01371041964739561,0.11977896094322205,0.30996912717819214,0.3477974236011505,1.4786792993545532,0.5846651196479797,1.2499123811721802,0.14748232066631317,1.3625702857971191,1.1285909414291382,0.482326865196228,1
-0.42384183406829834,-0.15414458513259888,0.36342501640319824,0.8203901052474976,-0.0734102800488472,0.6793145537376404,-0.13382285833358765,1.0228372812271118,1.3591779470443726,-0.23365642130374908,0.8008143305778503,0.8821408152580261,1.0365068912506104,-0.5519697666168213,0.02583722211420536,1
0.46658506989479065,0.08941187709569931,-0.10964036732912064,0.6764793395996094,1.2927169799804688,1.2845215797424316,0.05101757496595383,0.28108060359954834,0.9256935119628906,0.23670387268066406,-0.0011613322421908379,1.1943359375,1.0060702562332153,-0.34367093443870544,1.1815779209136963,0
-0.02420058846473694,1.1518000364303589,1.037588119506836,-0.05681968107819557,1.0467442274093628,-0.2070845365524292,1.151535987854004,-0.38204827904701233,0.2001618593931198,-0.4571482837200165,1.288767695426941,0.3750346601009369,0.6119207739830017,0.863349437713623,0.7422345280647278,1
-0.10684596002101898,1.138427495956421,0.9341068267822266,0.4561099708080292,0.6198605298995972,1.0106109380722046,0.5661476254463196,0.7983841300010681,1.640546202659607,0.1899593621492386,-0.037635259330272675,1.1290390491485596,0.41556382179260254,0.8273293972015381,-0.18346445262432098,1
0.684516429901123,2.018484592437744,0.17317216098308563,1.1762547492980957,-0.43510210514068604,1.1875535249710083,0.12611491978168488,0.03136731684207916,-0.2403237521648407,0.6224275827407837,-0.06555631756782532,0.48705047369003296,-0.14515765011310577,1.2057627439498901,-0.1987040936946869,0
-0.11816857755184174,-0.24311420321464539,0.14262807369232178,0.19712598621845245,0.555730938911438,0.11537034809589386,1.3893320560455322,0.5997791290283203,1.4332283735275269,0.8991174697875977,-0.3140030801296234,1.1086137294769287,0.7725982666015625,0.8003239035606384,-0.2757888436317444,0
-0.2348189651966095,0.6450421810150146,0.8935157656669617,0.07915142923593521,0.3279169797897339,0.9186705350875854,0.8007897138595581,-0.042324554175138474,0.0986810177564621,0.1600969135761261,0.9775077700614929,0.5504915714263916,0.7389142513275146,1.0758943557739258,-0.12023599445819855,1
0.010151219554245472,0.09984441846609116,-0.17842115461826324,-0.014745675958693027,0.9530137181282043,1.2412694692611694,0.7226177453994751,1.136412262916565,0.10665714740753174,0.3046407699584961,0.35559120774269104,-0.34903132915496826,1.0038552284240723,1.1642515659332275,0.9201663732528687,0
0.17072142660617828,1.0723704099655151,-0.5642160773277283,0.05574815720319748,0.20111913979053497,0.3220374882221222,1.184989333152771,0.9552956819534302,0.3137151300907135,0.22052587568759918,0.3405892550945282,1.0707045793533325,1.0998117923736572,1.0446463823318481,0.7106337547302246,0
-0.11263328045606613,1.4155715703964233,1.0546164512634277,0.6877967715263367,1.4549509286880493,0.2611854374408722,-0.6342537999153137,0.08569104969501495,1.5209290981292725,-0.015798505395650864,0.23865830898284912,1.1563568115234375,0.16544991731643677,-0.09766830503940582,1.1378999948501587,1
0.07108885049819946,0.04906659200787544,0.36173734068870544,0.7707975506782532,0.5913414359092712,0.9492740631103516,1.1470707654953003,1.0193183422088623,0.7245490550994873,-0.056726131588220596,0.6225668787956238,0.7381599545478821,-0.46586519479751587,-0.39639535546302795,0.7204949259757996,0
-0.3630182445049286,-0.030102407559752464,1.3302358388900757,0.5446448922157288,0.11864081025123596,-0.005736260674893856,0.03568088263273239,-0.33613693714141846,1.2649807929992676,0.947709858417511,-0.3035898506641388,0.19214856624603271,-0.013990385457873344,0.44811832904815674,-0.05491607263684273,1
0.1815178096294403,0.9698320627212524,1.5769520998001099,-0.3297758996486664,-0.8455782532691956,-0.5179334282875061,0.2054155021905899,0.23303550481796265,0.19144123792648315,0.22561712563037872,-0.4274073839187622,-0.22462330758571625,0.05682307854294777,0.784381091594696,0.806620717048645,1
0.3256705105304718,0.1549389809370041,0.5363751649856567,1.0504233837127686,0.8729218244552612,0.417453795671463,0.05597669258713722,0.3003021478652954,1.035772681236267,0.3966502547264099,0.3816528618335724,1.1310093402862549,1.3044897317886353,-0.062401991337537766,0.45932283997535706,0
-0.10879461467266083,-0.024280019104480743,0.5619567036628723,-0.18177835643291473,-0.11620058119297028,-0.33165204524993896,0.9814482927322388,0.25216230750083923,0.9687809944152832,0.9508219957351685,1.0466477870941162,0.030810918658971786,-0.37123891711235046,1.2280510663986206,0.10830409824848175,1
